SSB,19/06/2023	51,100 	1,607,095,000 	31.45 (-0.16 %)    	51,100 	1,607,095,000 	0 	0 	97,921,354 	 
SSB,16/06/2023	6,800 	216,950,000 	31.45 (-0.16 %)    	36,800 	1,157,250,000 	30,000 	940,300,000 	97,972,454 	0.20% 
SSB,15/06/2023	77,700 	2,444,145,000 	31.5 (0.00 %)    	77,700 	2,444,145,000 	0 	0 	98,008,625 	 
SSB,14/06/2023	42,400 	1,334,715,000 	31.5 (0.00 %)    	42,500 	1,337,870,000 	100 	3,155,000 	98,086,325 	 
SSB,13/06/2023	89,700 	2,848,175,000 	31.5 (-0.32 %)    	90,400 	2,870,445,000 	700 	22,270,000 	98,128,725 	0.19% 
SSB,12/06/2023	4,900 	153,860,000 	31.55 (0.48 %)    	4,900 	153,860,000 	0 	0 	98,219,025 	0.19% 
SSB,09/06/2023	4,900 	153,855,000 	31.35 (-0.16 %)    	5,000 	157,000,000 	100 	3,145,000 	98,158,943 	 
SSB,08/06/2023	-200 	-6,340,000 	31.4 (-0.63 %)    	100 	3,140,000 	300 	9,480,000 	98,163,843 	 
SSB,07/06/2023	0 	0 	31.6 (0.00 %)    	0 	0 	0 	0 	98,163,643 	 
SSB,06/06/2023	0 	0 	31.55 (0.16 %)    	0 	0 	0 	0 	98,163,643 	 
SSB,05/06/2023	3,200 	100,775,000 	31.5 (0.64 %)    	3,200 	100,775,000 	0 	0 	98,163,643 	 
SSB,02/06/2023	-2,000 	-61,300,000 	31.3 (2.29 %)    	0 	0 	2,000 	61,300,000 	98,166,843 	 
SSB,01/06/2023	12,500 	380,860,000 	30.55 (0.49 %)    	22,000 	670,075,000 	9,500 	289,215,000 	98,164,843 	 
SSB,31/05/2023	-800 	-24,190,000 	30.35 (0.50 %)    	0 	0 	800 	24,190,000 	98,205,543 	 
SSB,30/05/2023	-62,200 	-1,872,500,000 	30.2 (0.00 %)    	3,400 	102,680,000 	65,600 	1,975,180,000 	98,204,743 	 
SSB,29/05/2023	0 	0 	30.2 (0.33 %)    	0 	0 	0 	0 	98,142,543 	 
SSB,26/05/2023	-400 	-11,980,000 	30.05 (0.50 %)    	0 	0 	400 	11,980,000 	98,142,543 	 
SSB,25/05/2023	-20,900 	-622,100,000 	29.9 (0.00 %)    	0 	0 	20,900 	622,100,000 	98,142,143 	 
SSB,24/05/2023	-21,200 	-635,000,000 	29.9 (-0.33 %)    	100 	2,995,000 	21,300 	637,995,000 	98,121,243 	 
SSB,23/05/2023	-91,800 	-2,756,470,000 	30 (-0.66 %)    	0 	0 	91,800 	2,756,470,000 	98,100,043 	 
SSB,22/05/2023	-16,200 	-485,310,000 	30.15 (0.50 %)    	0 	0 	16,200 	485,310,000 	98,008,243 	0.20% 
SSB,19/05/2023	-9,500 	-283,970,000 	29.95 (-0.50 %)    	0 	0 	9,500 	283,970,000 	97,990,243 	0.20% 
SSB,18/05/2023	-18,000 	-540,900,000 	30.05 (-0.17 %)    	0 	0 	18,000 	540,900,000 	98,001,550 	0.20% 
SSB,17/05/2023	-31,100 	-940,065,000 	30.05 (-1.15 %)    	0 	0 	31,100 	940,065,000 	97,983,550 	0.20% 
SSB,16/05/2023	-112,400 	-3,431,225,000 	30.35 (-1.46 %)    	0 	0 	112,400 	3,431,225,000 	97,952,450 	0.20% 
SSB,15/05/2023	0 	0 	30.8 (-0.65 %)    	0 	0 	0 	0 	97,840,050 	0.20% 
SSB,12/05/2023	-6,700 	-208,350,000 	31 (-0.64 %)    	0 	0 	6,700 	208,350,000 	97,840,050 	0.20% 
SSB,11/05/2023	0 	0 	31.2 (-0.64 %)    	0 	0 	0 	0 	97,840,050 	0.20% 
SSB,10/05/2023	10,000 	315,000,000 	31.4 (-0.63 %)    	10,000 	315,000,000 	0 	0 	97,840,050 	0.20% 
SSB,09/05/2023	0 	0 	31.55 (-0.16 %)    	0 	0 	0 	0 	97,850,050 	0.20% 
SSB,08/05/2023	2,000 	63,105,000 	31.55 (0.32 %)    	2,000 	63,105,000 	0 	0 	97,843,450 	0.20% 
SSB,05/05/2023	-6,600 	-206,875,000 	31.45 (0.00 %)    	0 	0 	6,600 	206,875,000 	97,828,050 	0.21% 
SSB,04/05/2023	-8,500 	-272,135,000 	31.45 (-1.56 %)    	8,900 	279,905,000 	17,400 	552,040,000 	97,831,950 	0.21% 
SSB,28/04/2023	-2,900 	-92,055,000 	31.95 (4.41 %)    	300 	9,585,000 	3,200 	101,640,000 	97,836,950 	0.20% 
SSB,27/04/2023	2,500 	75,210,000 	30.6 (0.66 %)    	4,300 	130,290,000 	1,800 	55,080,000 	97,834,050 	0.20% 
SSB,26/04/2023	0 	86,380,000 	30.4 (-1.62 %)    	0 	86,380,000 	0 	0 	97,836,550 	0.20% 
SSB,25/04/2023	2,800 	86,380,000 	30.85 (-0.80 %)    	2,800 	86,380,000 	0 	0 	97,836,550 	0.20% 
SSB,24/04/2023	0 	-53,040,000 	31.1 (0.00 %)    	0 	0 	0 	53,040,000 	97,839,350 	0.20% 
SSB,21/04/2023	0 	-53,040,000 	31.1 (-0.32 %)    	0 	0 	0 	53,040,000 	97,837,650 	0.20% 
SSB,20/04/2023	-1,700 	-52,915,000 	31.2 (0.00 %)    	0 	0 	1,700 	52,915,000 	97,838,850 	 
SSB,19/04/2023	0 	-15,625,000 	31.15 (-0.48 %)    	0 	0 	0 	15,625,000 	97,837,150 	0.20% 
SSB,18/04/2023	-500 	-15,625,000 	31.25 (-0.48 %)    	0 	0 	500 	15,625,000 	97,837,150 	0.20% 
SSB,17/04/2023	0 	15,650,000 	31.35 (0.16 %)    	0 	15,650,000 	0 	0 	97,837,150 	0.20% 
SSB,14/04/2023	500 	15,650,000 	31.3 (-0.32 %)    	500 	15,650,000 	0 	0 	97,835,450 	0.20% 
SSB,13/04/2023	-900 	-28,215,000 	31.35 (-0.16 %)    	800 	25,080,000 	1,700 	53,295,000 	97,835,950 	0.20% 
SSB,12/04/2023	0 	-81,380,000 	31.35 (-0.16 %)    	0 	0 	0 	81,380,000 	97,836,750 	0.20% 
SSB,11/04/2023	0 	-81,380,000 	31.35 (0.16 %)    	0 	0 	0 	81,380,000 	97,834,050 	0.20% 
SSB,10/04/2023	-2,600 	-81,380,000 	31.3 (0.00 %)    	0 	0 	2,600 	81,380,000 	97,811,150 	0.21% 
SSB,07/04/2023	-22,900 	-716,770,000 	31.3 (-0.32 %)    	0 	0 	22,900 	716,770,000 	97,802,450 	0.21% 
SSB,06/04/2023	-6,600 	-206,910,000 	31.35 (-0.79 %)    	2,100 	65,835,000 	8,700 	272,745,000 	97,788,750 	0.21% 
SSB,05/04/2023	41,100 	1,296,705,000 	31.55 (0.16 %)    	54,800 	1,728,940,000 	13,700 	432,235,000 	97,778,950 	0.21% 
SSB,04/04/2023	1,390 	43,785,000 	31.5 (-0.32 %)    	13,290 	418,635,000 	11,900 	374,850,000 	97,822,350 	0.21% 
SSB,03/04/2023	-11,400 	-360,240,000 	31.6 (0.32 %)    	0 	0 	11,400 	360,240,000 	97,807,840 	0.21% 
SSB,31/03/2023	-27,800 	-874,310,000 	31.45 (-0.16 %)    	0 	0 	27,800 	874,310,000 	97,798,540 	0.21% 
SSB,30/03/2023	-9,300 	-292,485,000 	31.45 (0.16 %)    	0 	0 	9,300 	292,485,000 	97,790,640 	0.21% 
SSB,29/03/2023	-7,900 	-248,060,000 	31.4 (-0.32 %)    	0 	0 	7,900 	248,060,000 	97,785,640 	0.21% 
SSB,28/03/2023	-2,700 	-85,050,000 	31.5 (-0.63 %)    	2,300 	72,450,000 	5,000 	157,500,000 	97,719,940 	 
SSB,27/03/2023	1,700 	53,890,000 	31.7 (0.00 %)    	1,700 	53,890,000 	0 	0 	97,717,240 	0.21% 
SSB,24/03/2023	-9,400 	-297,240,000 	31.7 (-1.55 %)    	0 	0 	9,400 	297,240,000 	97,718,940 	0.21% 
SSB,23/03/2023	10,000 	318,300,000 	32.15 (-0.16 %)    	10,000 	318,300,000 	0 	0 	97,709,540 	0.21% 
SSB,22/03/2023	0 	0 	32.15 (-0.16 %)    	0 	0 	0 	0 	97,719,540 	0.21% 
SSB,21/03/2023	-24,800 	-6,961,164,000 	32.15 (0.16 %)    	0 	316,000 	24,800 	6,961,480,000 	97,719,540 	0.21% 
SSB,20/03/2023	-44,200 	-1,418,820,000 	32.1 (-0.62 %)    	1,700 	54,570,000 	45,900 	1,473,390,000 	97,719,540 	0.21% 
SSB,17/03/2023	0 	48,300,000 	32.25 (0.16 %)    	0 	48,300,000 	0 	0 	97,721,240 	0.21% 
SSB,16/03/2023	1,500 	48,300,000 	32.2 (-1.23 %)    	1,500 	48,300,000 	0 	0 	97,721,240 	0.21% 
SSB,15/03/2023	2,000 	65,100,000 	32.55 (0.77 %)    	2,000 	65,100,000 	0 	0 	97,709,040 	0.21% 
SSB,14/03/2023	3,800 	122,740,000 	32.3 (-0.31 %)    	17,500 	565,250,000 	13,700 	442,510,000 	97,708,940 	0.21% 
SSB,13/03/2023	19,700 	638,280,000 	32.4 (0.00 %)    	21,800 	706,320,000 	2,100 	68,040,000 	97,678,147 	 
SSB,10/03/2023	-44,293 	-1,435,093,200 	32.4 (-0.61 %)    	5,200 	168,480,000 	49,493 	1,603,573,200 	97,697,847 	0.21% 
SSB,09/03/2023	25,276 	823,997,600 	32.6 (0.31 %)    	26,176 	853,337,600 	900 	29,340,000 	97,699,347 	0.21% 
SSB,08/03/2023	15,600 	507,000,000 	32.5 (0.31 %)    	19,300 	627,250,000 	3,700 	120,250,000 	97,725,523 	0.21% 
SSB,07/03/2023	0 	858,405,000 	32.4 (0.62 %)    	0 	858,405,000 	0 	0 	97,744,823 	0.21% 
SSB,06/03/2023	26,700 	858,405,000 	32.15 (0.47 %)    	26,700 	858,405,000 	0 	0 	97,701,223 	0.21% 
SSB,03/03/2023	36,700 	1,172,565,000 	31.95 (-0.16 %)    	80,300 	2,565,585,000 	43,600 	1,393,020,000 	97,718,123 	0.21% 
SSB,02/03/2023	17,000 	544,000,000 	32 (-0.31 %)    	26,800 	857,600,000 	9,800 	313,600,000 	97,798,423 	0.21% 
SSB,01/03/2023	2,200 	70,510,000 	32.05 (0.79 %)    	2,200 	70,510,000 	0 	0 	97,833,323 	0.20% 
SSB,28/02/2023	7,600 	241,300,000 	31.75 (0.79 %)    	8,500 	269,875,000 	900 	28,575,000 	97,813,123 	0.21% 
SSB,27/02/2023	-22,400 	-705,600,000 	31.5 (-0.32 %)    	0 	0 	22,400 	705,600,000 	97,601,323 	0.22% 
SSB,24/02/2023	-220,290 	-6,961,164,000 	31.6 (-0.63 %)    	10 	316,000 	220,300 	6,961,480,000 	97,615,323 	0.22% 
SSB,23/02/2023	-116,300 	-3,698,340,000 	31.8 (-0.31 %)    	0 	0 	116,300 	3,698,340,000 	97,395,033 	0.23% 
SSB,22/02/2023	-84,800 	-2,705,120,000 	31.9 (-1.24 %)    	5,200 	165,880,000 	90,000 	2,871,000,000 	97,395,033 	0.23% 
SSB,21/02/2023	700 	22,575,000 	32.25 (-0.15 %)    	700 	22,575,000 	0 	0 	97,400,233 	0.23% 
SSB,20/02/2023	52,100 	1,682,830,000 	32.3 (0.94 %)    	52,100 	1,682,830,000 	0 	0 	97,398,833 	0.23% 
SSB,17/02/2023	-2,100 	-67,095,000 	31.95 (-0.16 %)    	0 	0 	2,100 	67,095,000 	97,450,933 	0.22% 
SSB,16/02/2023	26,900 	859,455,000 	31.95 (0.16 %)    	26,900 	859,455,000 	0 	0 	97,450,933 	0.22% 
SSB,15/02/2023	8,200 	261,170,000 	31.85 (0.47 %)    	8,200 	261,170,000 	0 	0 	97,477,833 	0.22% 
SSB,14/02/2023	0 	-57,150,000 	31.7 (-0.31 %)    	0 	3,175,000 	0 	60,325,000 	97,471,133 	0.22% 
SSB,13/02/2023	-1,800 	-57,150,000 	31.75 (-0.78 %)    	100 	3,175,000 	1,900 	60,325,000 	97,468,033 	0.22% 
SSB,10/02/2023	-2,500 	-79,875,000 	31.95 (-0.16 %)    	600 	19,170,000 	3,100 	99,045,000 	97,466,133 	0.22% 
SSB,09/02/2023	-2,000 	-64,000,000 	32 (0.00 %)    	0 	0 	2,000 	64,000,000 	97,466,733 	0.22% 
SSB,08/02/2023	50,800 	1,625,600,000 	32 (0.00 %)    	50,800 	1,625,600,000 	0 	0 	97,463,433 	0.22% 
SSB,07/02/2023	-500 	-15,975,000 	31.95 (0.16 %)    	2,800 	89,460,000 	3,300 	105,435,000 	97,501,433 	0.22% 
SSB,06/02/2023	-12,800 	-407,680,000 	31.85 (0.16 %)    	0 	0 	12,800 	407,680,000 	97,503,333 	0.22% 
SSB,03/02/2023	2,300 	73,140,000 	31.8 (-5.07 %)    	3,200 	101,760,000 	900 	28,620,000 	97,490,833 	0.22% 
SSB,02/02/2023	2,500 	83,625,000 	33.45 (-0.45 %)    	15,000 	501,750,000 	12,500 	418,125,000 	97,480,233 	0.22% 
SSB,01/02/2023	-13,800 	-462,990,000 	33.55 (-0.74 %)    	0 	0 	13,800 	462,990,000 	97,486,833 	0.22% 
SSB,31/01/2023	-8,200 	-277,160,000 	33.8 (-0.29 %)    	200 	6,760,000 	8,400 	283,920,000 	97,474,333 	0.22% 
SSB,30/01/2023	-12,500 	-423,125,000 	33.85 (-0.73 %)    	0 	0 	12,500 	423,125,000 	97,362,783 	0.23% 
SSB,27/01/2023	-73,150 	-2,490,757,500 	34.05 (0.15 %)    	31,100 	1,058,955,000 	104,250 	3,549,712,500 	97,295,183 	0.23% 
SSB,19/01/2023	-37,200 	-1,262,940,000 	33.95 (0.15 %)    	30,400 	1,032,080,000 	67,600 	2,295,020,000 	97,225,283 	0.23% 
SSB,18/01/2023	-85,800 	-2,908,620,000 	33.9 (0.00 %)    	15,200 	515,280,000 	101,000 	3,423,900,000 	97,255,683 	0.23% 
SSB,17/01/2023	117,050 	3,962,142,500 	33.85 (-0.15 %)    	117,050 	3,962,142,500 	0 	0 	97,261,983 	0.23% 
SSB,16/01/2023	900 	30,465,000 	33.85 (0.15 %)    	9,800 	331,730,000 	8,900 	301,265,000 	97,371,033 	0.23% 
SSB,13/01/2023	138,000 	4,657,500,000 	33.75 (-0.15 %)    	146,000 	4,927,500,000 	8,000 	270,000,000 	97,357,533 	0.23% 
SSB,12/01/2023	-23,300 	-786,375,000 	33.75 (-0.15 %)    	0 	0 	23,300 	786,375,000 	97,503,533 	0.22% 
SSB,11/01/2023	2,700 	91,260,000 	33.8 (0.30 %)    	2,700 	91,260,000 	0 	0 	97,487,933 	0.22% 
SSB,10/01/2023	-9,900 	-333,630,000 	33.7 (-0.30 %)    	5,700 	192,090,000 	15,600 	525,720,000 	97,467,533 	0.22% 
SSB,09/01/2023	-21,200 	-715,500,000 	33.75 (-0.15 %)    	1,900 	64,125,000 	23,100 	779,625,000 	97,473,233 	0.22% 
SSB,06/01/2023	100,100 	3,378,375,000 	33.75 (0.15 %)    	100,100 	3,378,375,000 	0 	0 	97,412,033 	0.23% 
SSB,05/01/2023	-51,800 	-1,743,070,000 	33.65 (0.45 %)    	300 	10,095,000 	52,100 	1,753,165,000 	97,499,433 	0.22% 
SSB,04/01/2023	-400 	-13,400,000 	33.5 (0.60 %)    	12,300 	412,050,000 	12,700 	425,450,000 	97,488,676 	0.22% 
SSB,03/01/2023	34,943 	1,163,601,900 	33.3 (1.22 %)    	35,000 	1,165,500,000 	57 	1,898,100 	97,500,976 	 
SSB,30/12/2022	9,000 	296,100,000 	32.9 (1.23 %)    	9,000 	296,100,000 	0 	0 	97,535,976 	0.22% 
SSB,29/12/2022	6,000 	194,700,000 	32.45 (0.46 %)    	6,000 	194,700,000 	0 	0 	97,544,976 	0.22% 
SSB,28/12/2022	6,300 	203,490,000 	32.3 (0.94 %)    	6,300 	203,490,000 	0 	0 	94,936,076 	 
SSB,27/12/2022	33,400 	1,068,800,000 	32 (0.95 %)    	33,500 	1,072,000,000 	100 	3,200,000 	94,942,376 	0.35% 
SSB,26/12/2022	0 	806,450,000 	31.65 (-0.47 %)    	0 	806,450,000 	0 	0 	94,975,776 	 
SSB,23/12/2022	25,400 	806,450,000 	31.75 (0.16 %)    	25,400 	806,450,000 	0 	0 	94,975,776 	 
SSB,22/12/2022	68,200 	2,161,940,000 	31.7 (0.96 %)    	68,300 	2,165,110,000 	100 	3,170,000 	95,001,176 	 
SSB,21/12/2022	12,800 	401,920,000 	31.4 (0.32 %)    	12,800 	401,920,000 	0 	0 	95,069,376 	0.34% 
SSB,20/12/2022	54,100 	1,693,330,000 	31.3 (0.00 %)    	66,100 	2,068,930,000 	12,000 	375,600,000 	95,082,176 	0.34% 
SSB,19/12/2022	55,210 	1,728,073,000 	31.3 (0.32 %)    	55,210 	1,728,073,000 	0 	0 	95,136,276 	0.34% 
SSB,16/12/2022	30,700 	957,840,000 	31.2 (0.32 %)    	30,700 	957,840,000 	0 	0 	95,191,486 	0.33% 
SSB,15/12/2022	38,300 	1,191,130,000 	31.1 (0.32 %)    	39,600 	1,231,560,000 	1,300 	40,430,000 	95,222,186 	0.33% 
SSB,14/12/2022	4,600 	142,600,000 	31 (0.00 %)    	4,600 	142,600,000 	0 	0 	95,260,486 	 
SSB,13/12/2022	51,400 	1,593,400,000 	31 (0.65 %)    	52,700 	1,633,700,000 	1,300 	40,300,000 	95,265,086 	0.33% 
SSB,12/12/2022	34,300 	1,056,440,000 	30.8 (0.00 %)    	34,300 	1,056,440,000 	0 	0 	95,316,486 	0.33% 
SSB,09/12/2022	17,200 	528,900,000 	30.75 (-0.49 %)    	18,500 	568,875,000 	1,300 	39,975,000 	97,942,286 	0.20% 
SSB,08/12/2022	6,100 	188,185,000 	30.85 (0.82 %)    	6,200 	191,270,000 	100 	3,085,000 	97,945,086 	0.20% 
SSB,07/12/2022	-100 	-3,060,000 	30.6 (0.00 %)    	4,600 	140,760,000 	4,700 	143,820,000 	95,374,086 	 
SSB,06/12/2022	10,300 	314,665,000 	30.55 (-0.49 %)    	10,400 	317,720,000 	100 	3,055,000 	95,373,986 	 
SSB,05/12/2022	30,800 	945,560,000 	30.7 (0.66 %)    	32,200 	988,540,000 	1,400 	42,980,000 	95,384,286 	0.32% 
SSB,02/12/2022	45,100 	1,373,295,000 	30.45 (0.50 %)    	45,100 	1,373,295,000 	0 	0 	95,415,086 	0.32% 
SSB,01/12/2022	16,700 	506,010,000 	30.3 (0.33 %)    	18,200 	551,460,000 	1,500 	45,450,000 	95,460,186 	 
SSB,30/11/2022	18,100 	545,715,000 	30.15 (0.17 %)    	26,700 	805,005,000 	8,600 	259,290,000 	95,487,086 	0.17% 
SSB,29/11/2022	-2,900 	-87,290,000 	30.1 (0.00 %)    	13,900 	418,390,000 	16,800 	505,680,000 	95,505,186 	 
SSB,28/11/2022	5,800 	174,290,000 	30.05 (0.84 %)    	5,800 	174,290,000 	0 	0 	95,502,286 	0.17% 
SSB,25/11/2022	-16,700 	-497,660,000 	29.8 (0.68 %)    	0 	0 	16,700 	497,660,000 	95,508,086 	0.18% 
SSB,24/11/2022	0 	44,475,000 	29.55 (-0.34 %)    	0 	44,475,000 	0 	0 	95,508,086 	0.18% 
SSB,23/11/2022	1,500 	44,475,000 	29.65 (-0.50 %)    	1,500 	44,475,000 	0 	0 	95,380,386 	0.18% 
SSB,22/11/2022	-97,800 	-2,914,440,000 	29.8 (0.00 %)    	29,900 	891,020,000 	127,700 	3,805,460,000 	95,381,886 	0.18% 
SSB,21/11/2022	0 	-3,000,000 	29.8 (-0.67 %)    	0 	0 	0 	3,000,000 	95,411,686 	0.18% 
SSB,18/11/2022	-100 	-3,000,000 	30 (-0.66 %)    	0 	0 	100 	3,000,000 	95,403,186 	0.18% 
SSB,17/11/2022	139,500 	4,212,900,000 	30.2 (1.34 %)    	139,600 	4,215,920,000 	100 	3,020,000 	95,382,186 	0.18% 
SSB,16/11/2022	71,400 	2,127,720,000 	29.8 (1.71 %)    	71,400 	2,127,720,000 	0 	0 	95,521,686 	0.18% 
SSB,15/11/2022	7,500 	219,750,000 	29.3 (-1.68 %)    	7,600 	222,680,000 	100 	2,930,000 	95,593,086 	0.17% 
SSB,14/11/2022	9,600 	285,600,000 	29.75 (-1.16 %)    	9,600 	285,600,000 	0 	0 	95,581,786 	0.17% 
SSB,11/11/2022	-18,900 	-567,945,000 	30.05 (3.26 %)    	0 	0 	18,900 	567,945,000 	95,586,886 	0.17% 
SSB,10/11/2022	-2,100 	-61,110,000 	29.1 (-3.32 %)    	2,400 	69,840,000 	4,500 	130,950,000 	95,586,886 	0.17% 
SSB,09/11/2022	5,300 	159,530,000 	30.1 (0.00 %)    	5,300 	159,530,000 	0 	0 	95,589,286 	0.17% 
SSB,08/11/2022	15,300 	460,530,000 	30.1 (0.33 %)    	15,300 	460,530,000 	0 	0 	95,594,486 	0.17% 
SSB,07/11/2022	1,700 	51,000,000 	30 (-0.99 %)    	1,800 	54,000,000 	100 	3,000,000 	95,609,786 	0.17% 
SSB,04/11/2022	0 	51,460,500 	30.3 (-0.66 %)    	0 	97,440,000 	0 	45,979,500 	95,610,076 	0.17% 
SSB,03/11/2022	1,690 	51,460,500 	30.45 (-1.77 %)    	3,200 	97,440,000 	1,510 	45,979,500 	95,597,276 	0.17% 
SSB,02/11/2022	12,900 	399,255,000 	30.95 (-0.16 %)    	25,700 	795,415,000 	12,800 	396,160,000 	95,598,476 	0.17% 
SSB,01/11/2022	-600 	-18,600,000 	31 (0.00 %)    	1,400 	43,400,000 	2,000 	62,000,000 	95,622,676 	0.17% 
SSB,31/10/2022	32,600 	1,008,970,000 	30.95 (-0.16 %)    	34,100 	1,055,395,000 	1,500 	46,425,000 	95,535,864 	0.18% 
SSB,28/10/2022	-22,512 	-696,746,400 	30.95 (-0.16 %)    	19,200 	594,240,000 	41,712 	1,290,986,400 	95,569,964 	0.18% 
SSB,27/10/2022	3,800 	109,790,000 	31 (6.90 %)    	3,800 	109,790,000 	0 	0 	95,589,164 	0.17% 
SSB,26/10/2022	1,500 	43,425,000 	29 (0.00 %)    	1,500 	43,425,000 	0 	0 	95,551,264 	0.18% 
SSB,25/10/2022	40,700 	1,152,400,000 	29 (1.75 %)    	40,700 	1,152,400,000 	0 	0 	95,552,264 	0.18% 
SSB,24/10/2022	-4,500 	-129,215,000 	28.5 (-1.04 %)    	0 	0 	4,500 	129,215,000 	95,592,964 	0.17% 
SSB,21/10/2022	0 	0 	28.8 (-2.37 %)    	0 	0 	0 	0 	95,584,964 	0.17% 
SSB,20/10/2022	-5,000 	-147,350,000 	29.5 (0.00 %)    	0 	0 	5,000 	147,350,000 	95,541,764 	0.18% 
SSB,19/10/2022	3,200 	94,370,000 	29.5 (0.00 %)    	6,700 	197,445,000 	3,500 	103,075,000 	95,476,164 	0.18% 
SSB,18/10/2022	-46,700 	-1,377,650,000 	29.5 (0.00 %)    	1,500 	44,250,000 	48,200 	1,421,900,000 	95,479,364 	0.18% 
SSB,17/10/2022	-48,600 	-1,433,700,000 	29.5 (-0.67 %)    	0 	0 	48,600 	1,433,700,000 	95,426,464 	0.18% 
SSB,14/10/2022	-52,900 	-1,568,485,000 	29.65 (0.17 %)    	1,500 	44,475,000 	54,400 	1,612,960,000 	95,374,764 	0.19% 
SSB,13/10/2022	-49,900 	-1,477,040,000 	29.6 (-0.34 %)    	1,800 	53,280,000 	51,700 	1,530,320,000 	95,373,564 	0.19% 
SSB,12/10/2022	-2,700 	-80,055,000 	29.65 (6.27 %)    	0 	0 	2,700 	80,055,000 	95,346,264 	0.19% 
SSB,11/10/2022	-26,100 	-728,190,000 	27.9 (-4.12 %)    	3,000 	83,700,000 	29,100 	811,890,000 	95,338,264 	0.19% 
SSB,10/10/2022	-6,500 	-188,825,000 	29.05 (-1.19 %)    	1,500 	43,575,000 	8,000 	232,400,000 	95,323,664 	0.19% 
SSB,07/10/2022	-17,600 	-516,560,000 	29.35 (-1.51 %)    	0 	0 	17,600 	516,560,000 	95,289,064 	0.19% 
SSB,06/10/2022	-21,100 	-628,780,000 	29.8 (-0.67 %)    	0 	0 	21,100 	628,780,000 	95,282,864 	0.19% 
SSB,05/10/2022	5,300 	159,000,000 	30 (1.69 %)    	5,300 	159,000,000 	0 	0 	95,266,964 	0.19% 
SSB,04/10/2022	-11,200 	-330,400,000 	29.5 (-0.67 %)    	4,700 	138,650,000 	15,900 	469,050,000 	95,268,064 	0.19% 
SSB,03/10/2022	-4,100 	-121,770,000 	29.7 (-2.94 %)    	100 	2,970,000 	4,200 	124,740,000 	95,272,764 	0.19% 
SSB,30/09/2022	104,300 	3,191,580,000 	30.6 (0.00 %)    	104,300 	3,191,580,000 	0 	0 	95,157,364 	0.20% 
SSB,29/09/2022	20,100 	614,055,000 	30.55 (-0.16 %)    	20,100 	614,055,000 	0 	0 	95,261,664 	0.19% 
SSB,28/09/2022	8,600 	262,730,000 	30.55 (-0.16 %)    	8,600 	262,730,000 	0 	0 	95,281,364 	0.19% 
SSB,27/09/2022	3,800 	116,090,000 	30.55 (0.16 %)    	4,200 	128,310,000 	400 	12,220,000 	95,289,964 	0.19% 
SSB,26/09/2022	3,400 	103,700,000 	30.5 (-1.93 %)    	3,400 	103,700,000 	0 	0 	95,286,664 	0.19% 
SSB,23/09/2022	0 	-1,032,900 	31.1 (-0.64 %)    	0 	0 	0 	1,032,900 	95,290,031 	0.19% 
SSB,22/09/2022	-33 	-1,032,900 	31.3 (-0.32 %)    	0 	0 	33 	1,032,900 	95,290,031 	0.19% 
SSB,21/09/2022	0 	6,907,950,000 	31.4 (-0.32 %)    	0 	6,914,250,000 	0 	6,300,000 	95,289,831 	0.19% 
SSB,20/09/2022	219,300 	6,907,950,000 	31.5 (0.32 %)    	219,500 	6,914,250,000 	200 	6,300,000 	95,239,031 	0.19% 
SSB,19/09/2022	-46,000 	-1,444,400,000 	31.4 (-0.32 %)    	4,800 	150,720,000 	50,800 	1,595,120,000 	95,467,331 	0.18% 
SSB,16/09/2022	-4,400 	-138,600,000 	31.5 (0.00 %)    	12,100 	381,150,000 	16,500 	519,750,000 	95,421,331 	0.18% 
SSB,15/09/2022	-25,500 	-47,100,000 	31.45 (0.16 %)    	0 	420,760,000 	25,500 	467,860,000 	 	0.18% 
SSB,14/09/2022	-1,500 	-2,512,000 	31.4 (-0.32 %)    	13,400 	0 	14,900 	2,512,000 	95,415,951 	0.18% 
SSB,13/09/2022	-2,580 	-2,512,000 	31.5 (0.00 %)    	0 	0 	2,580 	2,512,000 	95,429,351 	0.18% 
SSB,12/09/2022	21,400 	35,090,000 	31.5 (-1.25 %)    	21,400 	35,090,000 	0 	0 	95,429,351 	0.18% 
SSB,09/09/2022	1,100 	35,090,000 	31.9 (-0.31 %)    	1,100 	35,090,000 	0 	0 	95,441,451 	0.18% 
SSB,08/09/2022	6,000 	191,700,000 	31.95 (-0.16 %)    	15,300 	488,835,000 	9,300 	297,135,000 	95,422,351 	0.18% 
SSB,07/09/2022	14,100 	451,200,000 	32 (0.00 %)    	21,300 	681,600,000 	7,200 	230,400,000 	95,437,651 	0.18% 
SSB,06/09/2022	0 	-3,539,200,000 	32 (0.00 %)    	0 	483,200,000 	0 	4,022,400,000 	95,333,251 	0.19% 
SSB,05/09/2022	-110,600 	-3,539,200,000 	32 (-0.93 %)    	15,100 	483,200,000 	125,700 	4,022,400,000 	95,324,051 	0.19% 
SSB,31/08/2022	-9,200 	-296,700,000 	32.25 (-0.15 %)    	0 	0 	9,200 	296,700,000 	95,333,351 	0.19% 
SSB,30/08/2022	-2,800 	-90,440,000 	32.3 (0.31 %)    	3,000 	96,900,000 	5,800 	187,340,000 	95,327,551 	0.19% 
SSB,29/08/2022	-5,800 	-186,760,000 	32.2 (-0.62 %)    	0 	0 	5,800 	186,760,000 	95,325,051 	0.19% 
SSB,26/08/2022	3,500 	113,400,000 	32.4 (0.00 %)    	3,500 	113,400,000 	0 	0 	95,241,151 	0.19% 
SSB,25/08/2022	4,600 	149,040,000 	32.4 (0.00 %)    	4,800 	155,520,000 	200 	6,480,000 	95,244,651 	0.19% 
SSB,24/08/2022	62,200 	2,015,280,000 	32.4 (-0.31 %)    	62,200 	2,015,280,000 	0 	0 	95,247,951 	0.19% 
SSB,23/08/2022	103,900 	3,376,750,000 	32.5 (0.00 %)    	105,400 	3,425,500,000 	1,500 	48,750,000 	95,310,151 	0.19% 
SSB,22/08/2022	63,200 	2,054,000,000 	32.5 (3.83 %)    	63,200 	2,054,000,000 	0 	0 	95,409,251 	0.18% 
SSB,19/08/2022	800 	25,000,000 	31.25 (-0.48 %)    	1,600 	50,000,000 	800 	25,000,000 	95,470,851 	0.18% 
SSB,18/08/2022	27,600 	865,260,000 	31.35 (-0.48 %)    	29,200 	915,420,000 	1,600 	50,160,000 	95,470,951 	0.18% 
SSB,17/08/2022	6,300 	198,450,000 	31.5 (0.00 %)    	7,800 	245,700,000 	1,500 	47,250,000 	95,500,151 	0.18% 
SSB,16/08/2022	0 	-12,600,000 	31.45 (-0.16 %)    	0 	3,150,000 	0 	15,750,000 	95,507,522 	0.18% 
SSB,15/08/2022	-400 	-12,600,000 	31.5 (0.32 %)    	100 	3,150,000 	500 	15,750,000 	95,507,519 	0.18% 
SSB,12/08/2022	0 	-47,250,000 	31.35 (-0.48 %)    	0 	0 	0 	47,250,000 	95,506,119 	0.18% 
SSB,11/08/2022	-1,500 	-47,250,000 	31.5 (1.29 %)    	0 	0 	1,500 	47,250,000 	95,506,119 	0.18% 
SSB,10/08/2022	0 	-1,981,250,000 	31.1 (-0.64 %)    	0 	3,125,000 	0 	1,984,375,000 	95,442,619 	0.18% 
SSB,09/08/2022	-63,400 	-1,981,250,000 	31.25 (-0.79 %)    	100 	3,125,000 	63,500 	1,984,375,000 	95,442,619 	0.18% 
SSB,08/08/2022	20,300 	638,435,000 	31.45 (-0.47 %)    	20,300 	638,435,000 	0 	0 	95,441,119 	0.18% 
SSB,05/08/2022	-1,600 	-50,480,000 	31.55 (-0.79 %)    	0 	0 	1,600 	50,480,000 	95,461,319 	0.18% 
SSB,04/08/2022	17,600 	558,800,000 	31.75 (-0.16 %)    	17,700 	561,975,000 	100 	3,175,000 	95,443,919 	0.18% 
SSB,03/08/2022	-1,900 	-60,420,000 	31.8 (-0.31 %)    	15,500 	492,900,000 	17,400 	553,320,000 	95,461,619 	0.18% 
SSB,02/08/2022	147,000 	4,681,950,000 	31.85 (-0.47 %)    	147,000 	4,681,950,000 	0 	0 	95,433,719 	0.18% 
SSB,01/08/2022	-13,800 	-440,910,000 	31.95 (0.16 %)    	29,600 	945,720,000 	43,400 	1,386,630,000 	95,580,719 	0.17% 
SSB,29/07/2022	23,000 	732,550,000 	31.85 (0.16 %)    	23,000 	732,550,000 	0 	0 	95,609,519 	0.17% 
SSB,28/07/2022	23,400 	744,120,000 	31.8 (0.00 %)    	24,200 	769,560,000 	800 	25,440,000 	95,632,519 	0.17% 
SSB,27/07/2022	0 	47,625,000 	31.75 (-0.16 %)    	0 	47,625,000 	0 	0 	95,656,719 	0.17% 
SSB,26/07/2022	1,500 	47,625,000 	31.75 (0.16 %)    	1,500 	47,625,000 	0 	0 	95,647,719 	0.17% 
SSB,25/07/2022	2,600 	82,290,000 	31.65 (-1.09 %)    	2,600 	82,290,000 	0 	0 	95,647,719 	0.17% 
SSB,22/07/2022	75,400 	-47,925,000 	31.95 (-0.16 %)    	75,400 	0 	0 	47,925,000 	95,642,019 	0.17% 
SSB,21/07/2022	-1,300 	-41,600,000 	32 (0.00 %)    	0 	0 	1,300 	41,600,000 	95,641,819 	0.17% 
SSB,20/07/2022	6,800 	217,600,000 	32 (0.31 %)    	7,000 	224,000,000 	200 	6,400,000 	95,633,519 	0.17% 
SSB,19/07/2022	78,700 	2,506,595,000 	31.85 (0.16 %)    	80,000 	2,548,000,000 	1,300 	41,405,000 	80,028,078 	0.18% 
SSB,18/07/2022	2,200 	69,960,000 	31.8 (0.95 %)    	2,200 	69,960,000 	0 	0 	80,106,878 	0.17% 
SSB,15/07/2022	298,800 	9,397,260,000 	31.45 (-0.16 %)    	300,000 	9,435,000,000 	1,200 	37,740,000 	80,108,978 	0.17% 
SSB,14/07/2022	-100 	-3,150,000 	31.5 (-0.63 %)    	0 	0 	100 	3,150,000 	80,405,478 	0.16% 
SSB,13/07/2022	27,900 	883,035,000 	31.65 (-1.09 %)    	31,400 	993,810,000 	3,500 	110,775,000 	80,405,378 	0.16% 
SSB,12/07/2022	-100 	-3,200,000 	32 (0.95 %)    	0 	0 	100 	3,200,000 	80,435,604 	0.15% 
SSB,11/07/2022	-1,200 	-38,040,000 	31.7 (0.00 %)    	0 	0 	1,200 	38,040,000 	80,435,504 	0.15% 
SSB,08/07/2022	6,000 	-38,040,000 	31.7 (1.28 %)    	6,000 	0 	0 	38,040,000 	80,446,604 	 
SSB,07/07/2022	-1,400 	-43,820,000 	31.3 (-0.32 %)    	0 	0 	1,400 	43,820,000 	80,452,604 	0.15% 
SSB,06/07/2022	70,000 	2,198,000,000 	31.4 (-0.95 %)    	70,000 	2,198,000,000 	0 	0 	80,451,004 	0.15% 
SSB,05/07/2022	-1,600 	-50,720,000 	31.7 (0.00 %)    	0 	0 	1,600 	50,720,000 	80,519,604 	0.15% 
SSB,04/07/2022	200 	6,770,000 	31.65 (-0.16 %)    	1,600 	50,800,000 	1,400 	44,030,000 	80,458,204 	 
SSB,01/07/2022	10,000 	316,500,000 	31.65 (0.16 %)    	10,000 	316,500,000 	0 	0 	80,458,204 	0.15% 
SSB,30/06/2022	-36,900 	-1,166,040,000 	31.6 (0.00 %)    	14,600 	461,360,000 	51,500 	1,627,400,000 	80,468,204 	0.15% 
SSB,29/06/2022	15,400 	482,460,000 	31.6 (0.32 %)    	15,400 	482,460,000 	0 	0 	80,481,504 	0.15% 
SSB,28/06/2022	300 	9,435,000 	31.45 (0.16 %)    	1,600 	50,320,000 	1,300 	40,885,000 	80,496,904 	0.15% 
SSB,27/06/2022	47,700 	1,488,305,000 	31.35 (0.48 %)    	47,700 	1,488,305,000 	0 	0 	80,498,204 	0.15% 
SSB,24/06/2022	1,400 	43,680,000 	31.2 (0.97 %)    	1,700 	53,040,000 	300 	9,360,000 	80,545,904 	0.15% 
SSB,23/06/2022	75,400 	2,329,860,000 	30.9 (0.32 %)    	75,400 	2,329,860,000 	0 	0 	80,547,604 	0.15% 
SSB,22/06/2022	16,500 	507,375,000 	30.75 (2.50 %)    	16,500 	507,375,000 	0 	0 	80,623,004 	0.14% 
SSB,21/06/2022	74,800 	2,240,260,000 	29.95 (-0.17 %)    	74,800 	2,240,260,000 	0 	0 	80,609,904 	0.14% 
SSB,20/06/2022	-700 	-22,405,000 	30 (0.00 %)    	21,900 	649,550,000 	22,600 	671,955,000 	80,679,404 	0.14% 
SSB,17/06/2022	-3,900 	-117,000,000 	30 (-0.33 %)    	1,400 	42,000,000 	5,300 	159,000,000 	80,701,304 	0.14% 
SSB,16/06/2022	0 	920,700,000 	30.05 (5.44 %)    	0 	920,700,000 	0 	0 	80,702,704 	0.14% 
SSB,15/06/2022	0 	920,700,000 	34 (3.03 %)    	0 	920,700,000 	0 	0 	80,702,704 	0.14% 
SSB,14/06/2022	27,900 	920,700,000 	33 (4.43 %)    	27,900 	920,700,000 	0 	0 	80,702,718 	0.14% 
SSB,13/06/2022	0 	-260,910,000 	31.6 (-4.53 %)    	0 	0 	0 	260,910,000 	80,730,618 	0.14% 
SSB,10/06/2022	0 	-260,910,000 	33.1 (-1.19 %)    	0 	0 	0 	260,910,000 	80,722,818 	0.14% 
SSB,09/06/2022	-7,800 	-260,910,000 	33.45 (-1.04 %)    	0 	0 	7,800 	260,910,000 	80,722,818 	0.14% 
SSB,08/06/2022	0 	-30,375,000 	33.8 (1.20 %)    	0 	0 	0 	30,375,000 	80,722,818 	0.14% 
SSB,07/06/2022	0 	-30,375,000 	33.4 (-1.18 %)    	0 	0 	0 	30,375,000 	80,721,918 	0.14% 
SSB,06/06/2022	-900 	-30,330,000 	33.75 (-0.15 %)    	0 	0 	900 	30,330,000 	80,721,318 	0.14% 
SSB,03/06/2022	-600 	-20,280,000 	33.8 (0.00 %)    	0 	0 	600 	20,280,000 	80,721,318 	0.14% 
SSB,02/06/2022	23,800 	804,440,000 	33.8 (0.90 %)    	23,800 	804,440,000 	0 	0 	80,721,318 	0.14% 
SSB,01/06/2022	23,600 	790,600,000 	33.5 (-0.89 %)    	23,600 	790,600,000 	0 	0 	80,745,118 	0.14% 
SSB,31/05/2022	100 	3,380,000 	33.8 (-1.46 %)    	100 	3,380,000 	0 	0 	80,768,718 	0.13% 
SSB,30/05/2022	511,500 	17,544,450,000 	34.3 (-0.87 %)    	511,500 	17,544,450,000 	0 	0 	80,768,818 	0.13% 
SSB,27/05/2022	700 	24,220,000 	34.6 (0.87 %)    	700 	24,220,000 	0 	0 	81,280,318 	0.10% 
SSB,26/05/2022	0 	8,437,590,000 	34.25 (0.44 %)    	0 	8,512,500,000 	0 	74,910,000 	81,281,018 	0.10% 
SSB,25/05/2022	0 	8,437,590,000 	34.05 (-0.15 %)    	0 	8,512,500,000 	0 	74,910,000 	81,278,818 	0.10% 
SSB,24/05/2022	247,800 	8,437,590,000 	34.05 (-1.30 %)    	250,000 	8,512,500,000 	2,200 	74,910,000 	81,254,918 	0.10% 
SSB,23/05/2022	-13,400 	-462,300,000 	34.5 (-1.15 %)    	7,000 	241,500,000 	20,400 	703,800,000 	81,501,418 	0.09% 
SSB,20/05/2022	450,000 	15,682,500,000 	34.85 (0.72 %)    	450,000 	15,682,500,000 	0 	0 	81,469,518 	0.09% 
SSB,19/05/2022	-23,400 	-809,640,000 	34.6 (-0.57 %)    	9,500 	328,700,000 	32,900 	1,138,340,000 	81,919,518 	0.06% 
SSB,18/05/2022	418,100 	14,549,880,000 	34.8 (0.00 %)    	418,100 	14,549,880,000 	0 	0 	81,927,818 	0.06% 
SSB,17/05/2022	8,300 	288,840,000 	34.8 (0.00 %)    	9,500 	330,600,000 	1,200 	41,760,000 	82,342,599 	0.04% 
SSB,16/05/2022	6,500 	226,200,000 	34.8 (0.29 %)    	6,500 	226,200,000 	0 	0 	82,335,699 	0.04% 
SSB,13/05/2022	-9,000 	-314,745,000 	34.65 (-1.00 %)    	1,400 	47,880,000 	10,400 	362,625,000 	82,338,699 	0.04% 
SSB,12/05/2022	300,000 	10,668,220,000 	35 (-2.78 %)    	300,000 	10,668,220,000 	0 	0 	82,315,999 	0.04% 
SSB,11/05/2022	6,000 	214,380,000 	36 (0.00 %)    	6,000 	214,380,000 	0 	0 	82,615,999 	0.02% 
SSB,10/05/2022	15,200 	547,200,000 	36 (4.35 %)    	15,200 	547,200,000 	0 	0 	82,621,999 	0.02% 
SSB,09/05/2022	-13,200 	-455,400,000 	34.5 (-2.27 %)    	4,900 	169,050,000 	18,100 	624,450,000 	82,630,199 	0.02% 
SSB,06/05/2022	-7,000 	-247,100,000 	35.3 (-2.49 %)    	0 	0 	7,000 	247,100,000 	82,593,899 	0.02% 
SSB,05/05/2022	-41,200 	-1,485,705,000 	36.2 (-0.28 %)    	0 	0 	41,200 	1,485,705,000 	82,508,399 	0.03% 
SSB,04/05/2022	-87,400 	-3,160,470,000 	36.25 (-1.49 %)    	0 	0 	87,400 	3,160,470,000 	82,467,199 	0.03% 
SSB,29/04/2022	-38,900 	-1,419,735,000 	36.75 (-1.47 %)    	400 	14,590,000 	39,300 	1,434,325,000 	82,444,999 	0.03% 
SSB,28/04/2022	-22,200 	-822,685,000 	37.25 (0.40 %)    	0 	0 	22,200 	822,685,000 	82,444,599 	0.03% 
SSB,27/04/2022	-400 	-14,980,000 	37.05 (1.51 %)    	400 	14,660,000 	800 	29,640,000 	82,444,599 	0.03% 
SSB,26/04/2022	36,700 	1,309,780,000 	36.45 (2.68 %)    	36,700 	1,309,780,000 	0 	0 	82,422,899 	0.03% 
SSB,25/04/2022	-21,700 	-808,435,000 	35.5 (-6.08 %)    	400 	15,100,000 	22,100 	823,535,000 	82,459,599 	0.03% 
SSB,22/04/2022	3,200 	122,150,000 	37.75 (-0.53 %)    	3,200 	122,150,000 	0 	0 	82,456,499 	0.03% 
SSB,21/04/2022	-2,300 	-86,710,000 	37.95 (0.40 %)    	1,200 	45,240,000 	3,500 	131,950,000 	82,453,699 	0.03% 
SSB,20/04/2022	16,200 	609,680,000 	37.75 (0.27 %)    	16,200 	609,680,000 	0 	0 	82,445,799 	0.03% 
SSB,19/04/2022	-12,800 	-480,735,000 	37.65 (-0.40 %)    	16,000 	603,220,000 	28,800 	1,083,955,000 	82,432,299 	0.03% 
SSB,18/04/2022	6,400 	241,000,000 	37.75 (-0.66 %)    	6,400 	241,000,000 	0 	0 	82,448,299 	0.03% 
SSB,15/04/2022	7,300 	0 	38 (-0.52 %)    	7,300 	0 	0 	0 	82,454,699 	0.03% 
SSB,14/04/2022	0 	0 	38.15 (0.13 %)    	0 	0 	0 	0 	82,461,999 	0.03% 
SSB,13/04/2022	7,700 	291,925,000 	38.05 (0.13 %)    	7,700 	291,925,000 	0 	0 	82,358,140 	0.04% 
SSB,12/04/2022	-73,500 	-2,746,680,000 	38 (0.53 %)    	0 	0 	73,500 	2,746,680,000 	82,431,640 	0.03% 
SSB,08/04/2022	-37,300 	-1,379,580,000 	37.8 (-1.05 %)    	800 	30,400,000 	38,100 	1,409,980,000 	82,358,140 	0.04% 
SSB,07/04/2022	13,000 	495,920,000 	38.15 (-0.91 %)    	13,000 	495,920,000 	0 	0 	82,358,940 	0.04% 
SSB,06/04/2022	40,100 	1,536,095,000 	38.45 (-0.13 %)    	40,100 	1,536,095,000 	0 	0 	82,371,940 	0.04% 
SSB,05/04/2022	0 	0 	38.45 (-0.39 %)    	0 	0 	0 	0 	82,412,040 	0.03% 
SSB,04/04/2022	65,300 	2,509,295,000 	38.55 (0.13 %)    	65,300 	2,509,295,000 	0 	0 	73,423,012 	0.03% 
SSB,01/04/2022	68,900 	2,629,110,000 	38.5 (1.05 %)    	68,900 	2,629,110,000 	0 	0 	73,488,312 	0.03% 
SSB,31/03/2022	33,800 	1,289,625,000 	38.05 (-0.13 %)    	33,800 	1,289,625,000 	0 	0 	73,553,212 	0.03% 
SSB,30/03/2022	0 	0 	38.05 (4.25 %)    	0 	0 	0 	0 	73,578,312 	0.02% 
SSB,29/03/2022	-8,300 	-307,220,000 	36.5 (-3.18 %)    	400 	14,700,000 	8,700 	321,920,000 	73,573,112 	0.02% 
SSB,28/03/2022	-5,200 	-195,000,000 	37.65 (-1.18 %)    	0 	0 	5,200 	195,000,000 	73,573,512 	0.02% 
SSB,25/03/2022	44,900 	1,709,655,000 	38.1 (0.00 %)    	44,900 	1,709,655,000 	0 	0 	73,573,512 	0.02% 
SSB,24/03/2022	100 	3,750,000 	38.1 (-0.26 %)    	100 	3,750,000 	0 	0 	73,614,412 	0.02% 
SSB,23/03/2022	900 	35,145,000 	38.2 (-0.26 %)    	4,900 	187,425,000 	4,000 	152,280,000 	73,614,512 	0.02% 
SSB,22/03/2022	46,800 	1,776,590,000 	38.3 (1.06 %)    	46,800 	1,776,590,000 	0 	0 	73,618,912 	0.02% 
SSB,21/03/2022	20,900 	790,290,000 	37.85 (-0.13 %)    	21,400 	809,115,000 	500 	18,825,000 	73,665,712 	0.02% 
SSB,18/03/2022	900 	34,020,000 	37.85 (0.13 %)    	900 	34,020,000 	0 	0 	73,687,112 	0.02% 
SSB,17/03/2022	0 	0 	37.8 (0.27 %)    	0 	0 	0 	0 	73,688,012 	0.02% 
SSB,16/03/2022	300 	11,160,000 	37.7 (0.53 %)    	300 	11,160,000 	0 	0 	73,683,212 	0.02% 
SSB,15/03/2022	-4,800 	-179,080,000 	37.5 (0.27 %)    	0 	0 	4,800 	179,080,000 	73,683,512 	0.02% 
SSB,14/03/2022	0 	0 	37.4 (-0.27 %)    	0 	0 	0 	0 	73,683,512 	0.02% 
SSB,11/03/2022	0 	0 	37.5 (0.00 %)    	0 	0 	0 	0 	73,683,512 	0.02% 
SSB,10/03/2022	0 	0 	37.5 (0.00 %)    	0 	0 	0 	0 	73,683,512 	0.02% 
SSB,09/03/2022	6,000 	222,530,000 	37.5 (-0.53 %)    	6,000 	222,530,000 	0 	0 	73,677,512 	0.02% 
SSB,08/03/2022	6,000 	225,000,000 	37.7 (-0.26 %)    	6,000 	225,000,000 	0 	0 	73,683,012 	0.02% 
SSB,07/03/2022	-500 	-18,950,000 	37.8 (-0.53 %)    	0 	0 	500 	18,950,000 	73,687,912 	0.02% 
SSB,04/03/2022	-1,100 	-41,640,000 	38 (0.26 %)    	0 	0 	1,100 	41,640,000 	73,681,912 	0.02% 
SSB,03/03/2022	10,400 	388,600,000 	37.85 (0.13 %)    	10,400 	388,600,000 	0 	0 	73,681,912 	0.02% 
SSB,02/03/2022	800 	29,280,000 	37.8 (2.44 %)    	800 	29,280,000 	0 	0 	73,687,312 	0.02% 
SSB,01/03/2022	1,800 	65,180,000 	36.9 (4.24 %)    	2,800 	101,880,000 	1,000 	36,700,000 	73,679,712 	0.02% 
SSB,28/02/2022	-7,000 	-249,480,000 	35.4 (-2.48 %)    	1,400 	49,150,000 	8,400 	298,630,000 	73,682,512 	0.02% 
SSB,25/02/2022	0 	0 	36.3 (0.28 %)    	0 	0 	0 	0 	73,680,712 	0.02% 
SSB,24/02/2022	300 	9,675,000 	36.2 (-0.82 %)    	3,500 	124,250,000 	3,200 	114,575,000 	73,680,712 	0.02% 
SSB,23/02/2022	0 	0 	36.45 (1.25 %)    	0 	0 	0 	0 	73,683,512 	0.02% 
SSB,22/02/2022	-700 	-25,095,000 	36 (-0.83 %)    	0 	0 	700 	25,095,000 	73,683,512 	0.02% 
SSB,21/02/2022	1,400 	50,610,000 	36.3 (0.28 %)    	1,400 	50,610,000 	0 	0 	73,680,812 	0.02% 
SSB,18/02/2022	-1,700 	-60,545,000 	36.2 (-0.28 %)    	1,000 	35,845,000 	2,700 	96,390,000 	73,676,212 	0.02% 
SSB,17/02/2022	-6,000 	-220,670,000 	36.3 (-1.36 %)    	0 	0 	6,000 	220,670,000 	73,677,212 	0.02% 
SSB,16/02/2022	4,200 	155,335,000 	36.8 (-1.08 %)    	4,200 	155,335,000 	0 	0 	73,658,212 	0.02% 
SSB,15/02/2022	18,200 	669,725,000 	37.2 (1.64 %)    	18,200 	669,725,000 	0 	0 	73,650,317 	0.02% 
SSB,14/02/2022	6,500 	243,545,000 	36.6 (-4.44 %)    	18,600 	698,245,000 	12,100 	454,700,000 	73,668,517 	0.02% 
SSB,11/02/2022	0 	0 	38.25 (-0.91 %)    	0 	0 	0 	0 	73,680,117 	0.02% 
SSB,10/02/2022	0 	0 	38.6 (0.52 %)    	0 	0 	0 	0 	73,680,117 	0.02% 
SSB,09/02/2022	24,200 	913,370,000 	38.4 (0.52 %)    	24,200 	913,370,000 	0 	0 	73,664,017 	0.02% 
SSB,08/02/2022	-16,100 	-620,760,000 	38.2 (-2.80 %)    	0 	0 	16,100 	620,760,000 	73,673,317 	0.02% 
SSB,07/02/2022	-14,900 	-583,535,000 	39.3 (0.00 %)    	0 	0 	14,900 	583,535,000 	73,648,317 	0.02% 
SSB,28/01/2022	-25,000 	-957,875,000 	39.3 (0.77 %)    	0 	0 	25,000 	957,875,000 	73,558,717 	0.02% 
SSB,27/01/2022	-89,600 	-3,454,285,000 	39 (-1.52 %)    	0 	0 	89,600 	3,454,285,000 	73,536,917 	0.03% 
SSB,26/01/2022	-14,800 	-385,924,000 	39.6 (-1.00 %)    	7,000 	275,660,000 	21,800 	661,584,000 	73,536,917 	0.03% 
SSB,25/01/2022	44,800 	1,761,730,000 	39.95 (1.91 %)    	44,800 	1,761,730,000 	0 	0 	73,506,417 	0.03% 
SSB,24/01/2022	-34,000 	-1,324,960,000 	39.2 (-0.25 %)    	0 	0 	34,000 	1,324,960,000 	73,496,317 	0.03% 
SSB,21/01/2022	-54,900 	-2,108,450,000 	39.25 (-0.13 %)    	0 	0 	54,900 	2,108,450,000 	73,490,715 	0.03% 
SSB,20/01/2022	-3,600 	-136,380,000 	38.15 (-0.39 %)    	2,100 	79,800,000 	5,700 	216,180,000 	73,432,415 	0.03% 
SSB,19/01/2022	-58,300 	-2,209,160,000 	37.9 (-1.04 %)    	0 	0 	58,300 	2,209,160,000 	73,434,515 	0.03% 
SSB,18/01/2022	44,000 	1,633,090,000 	38.25 (-0.91 %)    	44,000 	1,633,090,000 	0 	0 	73,228,415 	0.05% 
SSB,17/01/2022	-203,300 	-7,785,240,000 	38.6 (-0.52 %)    	2,800 	108,605,000 	206,100 	7,893,845,000 	73,248,015 	0.05% 
SSB,14/01/2022	-19,500 	-803,815,000 	41.7 (0.24 %)    	1,400 	57,400,000 	20,900 	861,215,000 	73,095,215 	0.06% 
SSB,13/01/2022	-135,700 	-5,561,165,000 	41.6 (1.46 %)    	16,400 	680,580,000 	152,100 	6,241,745,000 	73,094,515 	0.06% 
SSB,12/01/2022	140,600 	5,469,420,000 	41 (4.86 %)    	142,700 	5,551,915,000 	2,100 	82,495,000 	73,107,295 	0.06% 
SSB,11/01/2022	12,500 	497,885,000 	39.05 (-4.29 %)    	12,600 	501,835,000 	100 	3,950,000 	73,249,995 	0.05% 
SSB,10/01/2022	70,300 	1,093,073,800 	40.75 (-4.12 %)    	70,300 	1,093,073,800 	0 	0 	73,262,595 	0.04% 
SSB,07/01/2022	900 	37,840,000 	42.45 (-3.52 %)    	900 	37,840,000 	0 	0 	73,332,395 	0.04% 
SSB,06/01/2022	5,400 	232,225,000 	43.95 (-2.33 %)    	5,900 	253,775,000 	500 	21,550,000 	73,283,695 	0.04% 
SSB,05/01/2022	-46,100 	-2,062,605,000 	45 (-1.32 %)    	0 	0 	46,100 	2,062,605,000 	73,237,895 	0.05% 
SSB,04/01/2022	-50,300 	-2,281,105,000 	45.6 (0.00 %)    	1,400 	63,315,000 	51,700 	2,344,420,000 	73,235,795 	0.05% 
SSB,31/12/2021	50,600 	2,313,015,000 	45.6 (1.11 %)    	52,700 	2,408,215,000 	2,100 	95,200,000 	73,237,195 	0.05% 
SSB,30/12/2021	63,100 	2,830,360,000 	45.05 (0.11 %)    	63,100 	2,830,360,000 	0 	0 	73,289,795 	0.04% 
SSB,29/12/2021	47,000 	2,047,710,000 	45 (2.27 %)    	47,100 	2,052,180,000 	100 	4,470,000 	73,352,895 	0.04% 
SSB,28/12/2021	71,300 	3,141,220,000 	43.95 (-0.11 %)    	71,300 	3,141,220,000 	0 	0 	73,389,795 	0.04% 
SSB,27/12/2021	104,900 	4,474,350,000 	44 (6.54 %)    	107,300 	4,577,430,000 	2,400 	103,080,000 	73,461,095 	0.03% 
SSB,24/12/2021	79,500 	3,068,143,500 	41.25 (6.59 %)    	79,500 	3,068,143,500 	0 	0 	66,761,922 	 
SSB,23/12/2021	-1,800 	-68,940,000 	38.65 (-1.15 %)    	0 	0 	1,800 	68,940,000 	66,843,222 	 
SSB,22/12/2021	0 	0 	39.05 (-0.64 %)    	0 	0 	0 	0 	66,841,422 	0.48% 
SSB,21/12/2021	0 	0 	39.3 (0.13 %)    	0 	0 	0 	0 	66,841,422 	 
SSB,20/12/2021	-5,100 	-199,155,000 	39.25 (-0.25 %)    	0 	0 	5,100 	199,155,000 	66,841,422 	0.48% 
SSB,17/12/2021	-16,600 	-649,005,000 	39.35 (-0.76 %)    	0 	0 	16,600 	649,005,000 	66,836,322 	0.48% 
SSB,16/12/2021	0 	0 	39.65 (-0.25 %)    	0 	0 	0 	0 	66,819,722 	0.48% 
SSB,15/12/2021	-1,000 	-39,550,000 	39.75 (0.25 %)    	0 	0 	1,000 	39,550,000 	66,819,722 	0.48% 
SSB,14/12/2021	-500 	-19,775,000 	39.65 (-0.25 %)    	0 	0 	500 	19,775,000 	66,818,722 	0.48% 
SSB,13/12/2021	-6,400 	-252,340,000 	39.75 (0.38 %)    	0 	0 	6,400 	252,340,000 	66,818,222 	0.53% 
SSB,10/12/2021	100 	3,950,000 	39.6 (0.00 %)    	100 	3,950,000 	0 	0 	66,811,822 	0.53% 
SSB,09/12/2021	1,100 	43,430,000 	39.6 (0.25 %)    	1,100 	43,430,000 	0 	0 	66,811,922 	 
SSB,08/12/2021	-7,100 	-272,760,000 	39.5 (2.33 %)    	200 	7,820,000 	7,300 	280,580,000 	66,813,022 	0.02% 
SSB,07/12/2021	-900 	-34,650,000 	38.6 (1.58 %)    	100 	3,800,000 	1,000 	38,450,000 	66,805,922 	0.02% 
SSB,06/12/2021	-20,500 	-774,590,000 	38 (-1.30 %)    	2,100 	80,185,000 	22,600 	854,775,000 	66,805,022 	0.02% 
SSB,03/12/2021	-22,100 	-864,085,000 	38.5 (-2.65 %)    	0 	0 	22,100 	864,085,000 	66,784,522 	0.03% 
SSB,02/12/2021	0 	0 	39.55 (-0.38 %)    	0 	0 	0 	0 	66,762,422 	0.03% 
SSB,01/12/2021	0 	-3,185,000 	39.7 (0.25 %)    	3,100 	118,885,000 	3,100 	122,070,000 	66,762,422 	0.03% 
SSB,30/11/2021	-9,200 	-361,325,000 	39.6 (-0.38 %)    	9,800 	383,935,000 	19,000 	745,260,000 	66,835,121 	0.02% 
SSB,29/11/2021	53,300 	1,537,628,400 	39.75 (-2.57 %)    	53,300 	1,537,628,400 	0 	0 	66,772,621 	 
SSB,26/11/2021	0 	0 	40.8 (-0.49 %)    	0 	0 	0 	0 	66,825,921 	 
SSB,25/11/2021	7,100 	285,425,000 	41 (3.80 %)    	16,000 	645,650,000 	8,900 	360,225,000 	66,825,921 	0.02% 
SSB,24/11/2021	40,800 	1,605,330,000 	39.5 (6.90 %)    	40,800 	1,605,330,000 	0 	0 	66,833,021 	0.02% 
SSB,23/11/2021	0 	0 	36.95 (0.00 %)    	0 	0 	0 	0 	66,873,821 	0.02% 
SSB,22/11/2021	8,600 	314,000,000 	36.95 (1.23 %)    	8,600 	314,000,000 	0 	0 	66,873,821 	0.02% 
SSB,19/11/2021	0 	0 	36.5 (0.41 %)    	0 	0 	0 	0 	66,882,421 	0.02% 
SSB,18/11/2021	0 	0 	36.35 (-1.36 %)    	0 	0 	0 	0 	66,882,421 	0.02% 
SSB,17/11/2021	0 	0 	36.85 (0.00 %)    	0 	0 	0 	0 	66,882,421 	0.02% 
SSB,16/11/2021	0 	0 	36.85 (-0.54 %)    	0 	0 	0 	0 	66,882,421 	0.02% 
SSB,15/11/2021	0 	0 	37.05 (-0.40 %)    	0 	0 	0 	0 	66,882,421 	0.02% 
SSB,12/11/2021	0 	0 	37.2 (0.68 %)    	0 	0 	0 	0 	66,882,421 	0.02% 
SSB,11/11/2021	4,900 	180,810,000 	36.95 (-0.81 %)    	4,900 	180,810,000 	0 	0 	66,882,421 	0.02% 
SSB,10/11/2021	0 	0 	37.25 (-0.93 %)    	0 	0 	0 	0 	66,887,321 	0.02% 
SSB,09/11/2021	0 	0 	37.6 (0.00 %)    	0 	0 	0 	0 	66,887,321 	0.02% 
SSB,08/11/2021	0 	0 	37.6 (0.00 %)    	0 	0 	0 	0 	66,887,321 	0.02% 
SSB,05/11/2021	100 	3,680,000 	37.6 (0.00 %)    	100 	3,680,000 	0 	0 	66,887,221 	 
SSB,04/11/2021	0 	0 	37.6 (-1.70 %)    	0 	0 	0 	0 	66,887,321 	0.02% 
SSB,03/11/2021	0 	0 	38.25 (2.82 %)    	0 	0 	0 	0 	66,887,321 	0.02% 
SSB,02/11/2021	0 	0 	37.2 (0.00 %)    	0 	0 	0 	0 	66,887,321 	0.02% 
SSB,01/11/2021	0 	0 	37.2 (0.27 %)    	0 	0 	0 	0 	66,887,321 	0.02% 
SSB,29/10/2021	0 	0 	37.1 (-1.85 %)    	0 	0 	0 	0 	66,883,121 	0.02% 
SSB,28/10/2021	0 	0 	37.8 (3.42 %)    	0 	0 	0 	0 	66,883,121 	0.02% 
SSB,27/10/2021	0 	0 	36.55 (0.27 %)    	0 	0 	0 	0 	66,883,121 	 
SSB,26/10/2021	0 	0 	36.45 (-0.41 %)    	0 	0 	0 	0 	66,883,121 	 
SSB,25/10/2021	0 	0 	36.6 (-0.14 %)    	0 	0 	0 	0 	66,883,121 	 
SSB,22/10/2021	-3,100 	-113,925,000 	36.65 (-0.95 %)    	0 	0 	3,100 	113,925,000 	66,883,121 	 
SSB,21/10/2021	0 	0 	37 (-0.54 %)    	0 	0 	0 	0 	66,880,021 	 
SSB,20/10/2021	0 	0 	37.2 (0.00 %)    	0 	0 	0 	0 	66,880,021 	 
SSB,19/10/2021	0 	0 	37.2 (0.00 %)    	0 	0 	0 	0 	66,880,021 	 
SSB,18/10/2021	0 	0 	37.2 (-0.53 %)    	0 	0 	0 	0 	66,880,021 	 
SSB,15/10/2021	0 	0 	37.4 (0.54 %)    	0 	0 	0 	0 	66,880,021 	 
SSB,14/10/2021	0 	0 	37.2 (0.40 %)    	0 	0 	0 	0 	66,880,021 	 
SSB,13/10/2021	0 	0 	37.05 (3.20 %)    	0 	0 	0 	0 	66,880,021 	 
SSB,12/10/2021	0 	0 	38 (0.00 %)    	0 	0 	0 	0 	66,880,021 	 
SSB,11/10/2021	500 	0 	38 (0.00 %)    	500 	0 	0 	0 	66,880,021 	 
SSB,08/10/2021	79,800 	3,033,730,000 	38 (1.06 %)    	80,000 	3,041,275,000 	200 	7,545,000 	66,880,521 	 
SSB,07/10/2021	0 	0 	37.6 (3.87 %)    	0 	0 	0 	0 	66,960,321 	 
SSB,06/10/2021	400 	14,200,000 	36.2 (0.70 %)    	400 	14,200,000 	0 	0 	66,960,321 	 
SSB,05/10/2021	24,200 	865,210,000 	35.95 (0.28 %)    	24,200 	865,210,000 	0 	0 	66,960,721 	0.01% 
SSB,04/10/2021	0 	0 	35.85 (0.00 %)    	0 	0 	0 	0 	66,984,921 	0.01% 
SSB,01/10/2021	0 	2,025,000 	35.85 (0.00 %)    	8,100 	290,385,000 	8,100 	288,360,000 	66,984,921 	0.01% 
SSB,30/09/2021	0 	0 	35.85 (0.00 %)    	0 	0 	0 	0 	66,981,421 	0.01% 
SSB,29/09/2021	0 	0 	35.85 (0.00 %)    	0 	0 	0 	0 	66,981,421 	0.01% 
SSB,28/09/2021	0 	0 	35.85 (0.28 %)    	0 	0 	0 	0 	66,981,421 	0.01% 
SSB,27/09/2021	100 	3,580,000 	35.75 (-0.69 %)    	100 	3,580,000 	0 	0 	66,981,421 	0.01% 
SSB,24/09/2021	0 	0 	36 (0.56 %)    	0 	0 	0 	0 	66,981,521 	0.01% 
SSB,23/09/2021	0 	0 	35.8 (0.28 %)    	0 	0 	0 	0 	66,981,521 	0.01% 
SSB,22/09/2021	0 	0 	35.7 (0.00 %)    	0 	0 	0 	0 	66,981,521 	0.01% 
SSB,21/09/2021	0 	0 	35.7 (-0.83 %)    	0 	0 	0 	0 	66,981,521 	0.01% 
SSB,20/09/2021	0 	0 	36 (0.14 %)    	0 	0 	0 	0 	66,981,521 	0.01% 
SSB,17/09/2021	0 	0 	35.95 (0.56 %)    	0 	0 	0 	0 	66,981,521 	0.01% 
SSB,16/09/2021	0 	0 	35.75 (0.00 %)    	0 	0 	0 	0 	66,981,521 	0.01% 
SSB,15/09/2021	4,200 	149,310,000 	35.75 (0.42 %)    	4,200 	149,310,000 	0 	0 	66,981,521 	0.01% 
SSB,14/09/2021	0 	0 	35.6 (0.00 %)    	0 	0 	0 	0 	66,985,721 	0.01% 
SSB,13/09/2021	1,000 	35,200,000 	35.6 (-1.11 %)    	1,000 	35,200,000 	0 	0 	66,985,721 	0.01% 
SSB,10/09/2021	2,500 	89,750,000 	36 (0.00 %)    	2,500 	89,750,000 	0 	0 	66,986,721 	0.01% 
SSB,09/09/2021	0 	0 	36 (1.12 %)    	0 	0 	0 	0 	66,989,221 	0.01% 
SSB,08/09/2021	0 	0 	35.6 (-1.11 %)    	0 	0 	0 	0 	66,989,221 	0.01% 
SSB,07/09/2021	1,000 	35,200,000 	36 (0.28 %)    	1,000 	35,200,000 	0 	0 	66,989,221 	0.01% 
SSB,06/09/2021	700 	25,060,000 	35.9 (0.00 %)    	700 	25,060,000 	0 	0 	66,990,221 	0.01% 
SSB,01/09/2021	0 	0 	35.9 (-0.28 %)    	0 	0 	0 	0 	66,990,921 	0.01% 
SSB,31/08/2021	0 	0 	36 (0.00 %)    	0 	0 	0 	0 	60,430,321 	0.55% 
SSB,30/08/2021	0 	0 	36 (1.84 %)    	0 	0 	0 	0 	60,430,321 	0.00% 
SSB,27/08/2021	0 	0 	35.35 (0.00 %)    	0 	0 	0 	0 	60,430,321 	0.00% 
SSB,26/08/2021	0 	0 	35.35 (-0.98 %)    	0 	0 	0 	0 	60,430,321 	0.00% 
SSB,25/08/2021	0 	0 	35.7 (-8.23 %)    	0 	0 	0 	0 	60,430,321 	0.00% 
SSB,24/08/2021	0 	0 	35.6 (0.85 %)    	0 	0 	0 	0 	60,430,321 	0.00% 
SSB,23/08/2021	0 	0 	35.3 (-1.40 %)    	0 	0 	0 	0 	60,430,321 	0.00% 
SSB,20/08/2021	0 	0 	35.8 (-0.28 %)    	0 	0 	0 	0 	60,430,321 	0.00% 
SSB,19/08/2021	6,600 	238,580,000 	35.9 (-0.97 %)    	6,600 	238,580,000 	0 	0 	60,430,321 	0.00% 
SSB,18/08/2021	0 	0 	36.25 (-1.49 %)    	0 	0 	0 	0 	60,436,921 	0.00% 
SSB,17/08/2021	1,600 	58,560,000 	36.8 (0.55 %)    	1,600 	58,560,000 	0 	0 	60,433,921 	0.00% 
SSB,16/08/2021	200 	7,260,000 	36.6 (0.55 %)    	200 	7,260,000 	0 	0 	60,436,921 	0.00% 
SSB,13/08/2021	0 	0 	36.4 (-0.55 %)    	0 	0 	0 	0 	60,437,121 	0.00% 
SSB,12/08/2021	0 	0 	36.6 (-0.41 %)    	0 	0 	0 	0 	 	30.00% 
SSB,11/08/2021	0 	0 	36.75 (-0.41 %)    	0 	0 	0 	0 	 	30.00% 
SSB,10/08/2021	0 	0 	36.95 (-0.94 %)    	0 	0 	0 	0 	 	30.00% 
SSB,09/08/2021	0 	0 	37.3 (0.40 %)    	0 	0 	0 	0 	 	30.00% 
SSB,06/08/2021	0 	0 	37.15 (-0.27 %)    	0 	0 	0 	0 	 	30.00% 
SSB,05/08/2021	0 	0 	37.25 (0.68 %)    	0 	0 	0 	0 	 	30.00% 
SSB,04/08/2021	0 	0 	37 (0.95 %)    	0 	0 	0 	0 	 	30.00% 
SSB,03/08/2021	0 	0 	36.65 (0.69 %)    	0 	0 	0 	0 	 	30.00% 
SSB,02/08/2021	0 	0 	36.4 (-0.55 %)    	0 	0 	0 	0 	 	30.00% 
SSB,30/07/2021	0 	0 	36.6 (-1.08 %)    	0 	0 	0 	0 	 	30.00% 
SSB,29/07/2021	0 	0 	37 (0.14 %)    	0 	0 	0 	0 	 	30.00% 
SSB,28/07/2021	0 	0 	36.95 (-0.67 %)    	0 	0 	0 	0 	 	30.00% 
SSB,27/07/2021	0 	0 	37.2 (2.20 %)    	0 	0 	0 	0 	 	30.00% 
SSB,26/07/2021	0 	0 	36.4 (-3.06 %)    	0 	0 	0 	0 	 	30.00% 
SSB,23/07/2021	0 	0 	37.55 (-8.41 %)    	0 	0 	0 	0 	 	30.00% 
SSB,22/07/2021	0 	0 	41 (5.13 %)    	0 	0 	0 	0 	 	30.00% 
SSB,21/07/2021	0 	0 	39 (-0.13 %)    	0 	0 	0 	0 	 	30.00% 
SSB,20/07/2021	0 	0 	39.05 (5.54 %)    	0 	0 	0 	0 	 	30.00% 
SSB,19/07/2021	0 	0 	37 (-6.21 %)    	0 	0 	0 	0 	 	30.00% 
SSB,16/07/2021	0 	0 	39.45 (-2.11 %)    	0 	0 	0 	0 	 	30.00% 
SSB,15/07/2021	0 	0 	40.3 (5.50 %)    	0 	0 	0 	0 	 	30.00% 
SSB,14/07/2021	0 	0 	38.2 (-1.04 %)    	0 	0 	0 	0 	 	30.00% 
SSB,13/07/2021	0 	0 	38.6 (1.58 %)    	0 	0 	0 	0 	 	30.00% 
SSB,12/07/2021	0 	0 	38 (-6.40 %)    	0 	0 	0 	0 	 	30.00% 
SSB,09/07/2021	0 	0 	40.6 (-2.17 %)    	0 	0 	0 	0 	 	30.00% 
SSB,08/07/2021	0 	0 	41.5 (-0.95 %)    	0 	0 	0 	0 	 	30.00% 
SSB,07/07/2021	0 	0 	41.9 (0.48 %)    	0 	0 	0 	0 	 	30.00% 
SSB,06/07/2021	0 	0 	41.7 (-1.18 %)    	0 	0 	0 	0 	 	30.00% 
SSB,05/07/2021	0 	0 	42.2 (-0.47 %)    	0 	0 	0 	0 	 	30.00% 
SSB,02/07/2021	0 	0 	42.4 (3.79 %)    	0 	0 	0 	0 	 	30.00% 
SSB,01/07/2021	0 	0 	40.85 (-0.73 %)    	0 	0 	0 	0 	 	30.00% 
SSB,30/06/2021	0 	0 	41.15 (0.49 %)    	0 	0 	0 	0 	 	30.00% 
SSB,29/06/2021	0 	0 	40.95 (0.37 %)    	0 	0 	0 	0 	 	30.00% 
SSB,28/06/2021	0 	0 	40.8 (1.75 %)    	0 	0 	0 	0 	 	30.00% 
SSB,25/06/2021	0 	0 	40.1 (0.88 %)    	0 	0 	0 	0 	 	30.00% 
SSB,24/06/2021	0 	0 	39.75 (0.13 %)    	0 	0 	0 	0 	 	30.00% 
SSB,23/06/2021	0 	0 	39.7 (-0.87 %)    	0 	0 	0 	0 	 	30.00% 
SSB,22/06/2021	0 	0 	40.05 (0.12 %)    	0 	0 	0 	0 	 	30.00% 
SSB,21/06/2021	0 	0 	40 (-0.87 %)    	0 	0 	0 	0 	 	30.00% 
SSB,18/06/2021	0 	0 	40.35 (1.64 %)    	0 	0 	0 	0 	 	30.00% 
SSB,17/06/2021	0 	0 	39.7 (-0.25 %)    	0 	0 	0 	0 	 	30.00% 
SSB,16/06/2021	0 	0 	39.8 (-3.63 %)    	0 	0 	0 	0 	 	30.00% 
SSB,15/06/2021	0 	0 	41.3 (-3.95 %)    	0 	0 	0 	0 	 	30.00% 
SSB,14/06/2021	0 	0 	43 (0.23 %)    	0 	0 	0 	0 	 	30.00% 
SSB,11/06/2021	0 	0 	42.9 (3.87 %)    	0 	0 	0 	0 	 	30.00% 
SSB,10/06/2021	0 	0 	41.3 (2.74 %)    	0 	0 	0 	0 	 	30.00% 
SSB,09/06/2021	0 	0 	40.2 (-6.51 %)    	0 	0 	0 	0 	 	30.00% 
SSB,08/06/2021	0 	0 	43 (-1.15 %)    	0 	0 	0 	0 	 	30.00% 
SSB,07/06/2021	0 	0 	43.5 (-4.40 %)    	0 	0 	0 	0 	 	30.00% 
SSB,04/06/2021	0 	0 	45.5 (5.81 %)    	0 	0 	0 	0 	 	30.00% 
SSB,03/06/2021	0 	0 	43 (3.61 %)    	0 	0 	0 	0 	 	30.00% 
SSB,02/06/2021	0 	0 	41.5 (1.47 %)    	0 	0 	0 	0 	 	30.00% 
SSB,01/06/2021	0 	0 	40.9 (0.25 %)    	0 	0 	0 	0 	 	30.00% 
SSB,31/05/2021	0 	0 	40.8 (4.62 %)    	0 	0 	0 	0 	 	30.00% 
SSB,28/05/2021	0 	0 	39 (5.26 %)    	0 	0 	0 	0 	 	30.00% 
SSB,27/05/2021	0 	0 	37.05 (-0.40 %)    	0 	0 	0 	0 	 	30.00% 
SSB,26/05/2021	0 	0 	37.2 (6.74 %)    	0 	0 	0 	0 	 	30.00% 
SSB,25/05/2021	0 	0 	34.85 (6.90 %)    	0 	0 	0 	0 	 	30.00% 
SSB,24/05/2021	0 	0 	32.6 (1.88 %)    	0 	0 	0 	0 	 	30.00% 
SSB,21/05/2021	0 	0 	32 (0.79 %)    	0 	0 	0 	0 	 	30.00% 
SSB,20/05/2021	0 	0 	31.75 (0.00 %)    	0 	0 	0 	0 	 	30.00% 
SSB,19/05/2021	0 	0 	31.75 (0.79 %)    	0 	0 	0 	0 	 	30.00% 
SSB,18/05/2021	0 	0 	31.5 (0.16 %)    	0 	0 	0 	0 	 	30.00% 
SSB,17/05/2021	0 	0 	31.45 (3.97 %)    	0 	0 	0 	0 	 	30.00% 
SSB,14/05/2021	0 	0 	30.25 (6.89 %)    	0 	0 	0 	0 	 	30.00% 
SSB,13/05/2021	0 	0 	28.3 (1.07 %)    	0 	0 	0 	0 	 	30.00% 
SSB,12/05/2021	0 	0 	28 (0.00 %)    	0 	0 	0 	0 	 	30.00% 
SSB,11/05/2021	0 	0 	28 (0.00 %)    	0 	0 	0 	0 	 	30.00% 
SSB,10/05/2021	0 	0 	28 (1.82 %)    	0 	0 	0 	0 	 	30.00% 
SSB,07/05/2021	0 	0 	27.5 (0.55 %)    	0 	0 	0 	0 	 	30.00% 
SSB,06/05/2021	0 	0 	27.35 (3.40 %)    	0 	0 	0 	0 	 	30.00% 
SSB,05/05/2021	0 	0 	26.45 (0.19 %)    	0 	0 	0 	0 	 	30.00% 
SSB,04/05/2021	0 	0 	26.4 (-1.68 %)    	0 	0 	0 	0 	 	30.00% 
SSB,29/04/2021	0 	0 	26.85 (0.19 %)    	0 	0 	0 	0 	 	30.00% 
SSB,28/04/2021	0 	0 	26.8 (-0.37 %)    	0 	0 	0 	0 	 	30.00% 
SSB,27/04/2021	0 	0 	26.9 (0.37 %)    	0 	0 	0 	0 	 	30.00% 
SSB,26/04/2021	0 	0 	26.8 (2.68 %)    	0 	0 	0 	0 	 	30.00% 
SSB,23/04/2021	0 	0 	26.1 (-5.09 %)    	0 	0 	0 	0 	 	30.00% 
SSB,22/04/2021	0 	0 	27.5 (0.00 %)    	0 	0 	0 	0 	 	30.00% 
SSB,20/04/2021	0 	0 	27.5 (0.00 %)    	0 	0 	0 	0 	 	30.00% 
SSB,19/04/2021	0 	0 	27.5 (0.73 %)    	0 	0 	0 	0 	 	30.00% 
SSB,16/04/2021	0 	0 	27.3 (1.11 %)    	0 	0 	0 	0 	 	30.00% 
SSB,15/04/2021	0 	0 	27 (0.75 %)    	0 	0 	0 	0 	 	26.72% 
SSB,14/04/2021	0 	0 	26.8 (-1.83 %)    	0 	0 	0 	0 	 	30.00% 
SSB,13/04/2021	0 	0 	27.3 (-1.44 %)    	0 	0 	0 	0 	 	30.00% 
SSB,12/04/2021	0 	0 	27.7 (0.00 %)    	0 	0 	0 	0 	 	30.00% 
SSB,09/04/2021	0 	0 	27.7 (0.36 %)    	0 	0 	0 	0 	 	30.00% 
SSB,08/04/2021	0 	0 	27.6 (-1.43 %)    	0 	0 	0 	0 	 	30.00% 
SSB,07/04/2021	0 	0 	28 (0.00 %)    	0 	0 	0 	0 	 	30.00% 
SSB,06/04/2021	0 	0 	28 (-0.36 %)    	0 	0 	0 	0 	 	30.00% 
SSB,05/04/2021	0 	0 	28.1 (-0.53 %)    	0 	0 	0 	0 	 	30.00% 
SSB,02/04/2021	0 	0 	28.25 (0.18 %)    	0 	0 	0 	0 	 	30.00% 
SSB,01/04/2021	0 	0 	28.2 (0.18 %)    	0 	0 	0 	0 	 	30.00% 
SSB,31/03/2021	0 	0 	28.15 (6.83 %)    	0 	0 	0 	0 	 	30.00% 
SSB,30/03/2021	0 	0 	26.35 (6.90 %)    	0 	0 	0 	0 	 	30.00% 
SSB,29/03/2021	0 	0 	24.65 (6.94 %)    	0 	0 	0 	0 	 	30.00% 
SSB,26/03/2021	0 	0 	23.05 (6.96 %)    	0 	0 	0 	0 	 	30.00% 
SSB,25/03/2021	0 	0 	21.55 (6.95 %)    	0 	0 	0 	0 	 	30.00% 
SSB,24/03/2021	0 	0 	20.15 (0.00 %)    	0 	0 	0 	0 	 	30.00% 
CTG,19/06/2023	95,100 	2,719,860,000 	28.6 (0.35 %)    	117,200 	3,351,920,000 	22,100 	632,060,000 	133,747,347 	27.22% 
CTG,16/06/2023	-2,119,200 	-61,380,455,000 	28.5 (-1.72 %)    	587,700 	17,025,695,000 	2,706,900 	78,406,150,000 	133,842,447 	27.21% 
CTG,15/06/2023	-1,897,100 	-55,121,475,000 	29 (1.05 %)    	217,000 	6,301,200,000 	2,114,100 	61,422,675,000 	136,150,040 	27.17% 
CTG,14/06/2023	-1,712,000 	-49,517,895,000 	28.7 (1.41 %)    	151,500 	4,354,215,000 	1,863,500 	53,872,110,000 	134,252,940 	27.21% 
CTG,13/06/2023	-859,300 	-24,347,985,000 	28.3 (-0.35 %)    	329,500 	9,341,810,000 	1,188,800 	33,689,795,000 	132,540,940 	27.24% 
CTG,12/06/2023	-1,075,600 	-30,195,180,000 	28.4 (0.00 %)    	629,800 	17,822,810,000 	1,705,400 	48,017,990,000 	127,428,719 	27.35% 
CTG,09/06/2023	-2,315,000 	-65,845,060,000 	28.35 (-0.87 %)    	438,900 	12,401,350,000 	2,753,900 	78,246,410,000 	130,265,002 	27.29% 
CTG,08/06/2023	-758,400 	-21,762,510,000 	28.55 (-1.21 %)    	527,800 	15,141,840,000 	1,286,200 	36,904,350,000 	127,950,002 	27.34% 
CTG,07/06/2023	-2,060,400 	-59,594,825,000 	28.9 (0.70 %)    	106,500 	3,075,225,000 	2,166,900 	62,670,050,000 	127,191,602 	27.35% 
CTG,06/06/2023	-815,500 	-23,480,885,000 	28.7 (-0.35 %)    	76,600 	2,210,805,000 	892,100 	25,691,690,000 	125,131,202 	27.40% 
CTG,05/06/2023	-614,000 	-17,694,110,000 	28.75 (0.17 %)    	203,500 	5,862,995,000 	817,500 	23,557,105,000 	124,315,702 	27.41% 
CTG,02/06/2023	-1,160,300 	-32,827,355,000 	28.65 (2.32 %)    	712,400 	20,380,405,000 	1,872,700 	53,207,760,000 	123,701,702 	27.43% 
CTG,01/06/2023	-864,100 	-24,122,590,000 	27.95 (-0.18 %)    	77,100 	2,152,610,000 	941,200 	26,275,200,000 	122,541,402 	27.45% 
CTG,31/05/2023	-298,000 	-8,325,110,000 	28 (-0.36 %)    	38,700 	1,079,670,000 	336,700 	9,404,780,000 	121,945,105 	27.46% 
CTG,30/05/2023	-278,500 	-7,800,885,000 	28.05 (0.18 %)    	204,300 	5,734,555,000 	482,800 	13,535,440,000 	121,647,105 	27.47% 
CTG,29/05/2023	-226,300 	-6,343,215,000 	28 (0.72 %)    	136,300 	3,817,005,000 	362,600 	10,160,220,000 	121,368,605 	27.47% 
CTG,26/05/2023	-143,700 	-3,960,860,000 	27.8 (0.72 %)    	76,500 	2,116,410,000 	220,200 	6,077,270,000 	121,142,305 	27.48% 
CTG,25/05/2023	-1,174,400 	-32,457,960,000 	27.6 (-0.72 %)    	641,500 	17,758,270,000 	1,815,900 	50,216,230,000 	120,998,605 	27.48% 
CTG,24/05/2023	-1,843,200 	-51,179,895,000 	27.75 (-0.54 %)    	53,900 	1,495,780,000 	1,897,100 	52,675,675,000 	119,824,205 	27.51% 
CTG,23/05/2023	-1,756,700 	-48,952,535,000 	27.9 (-0.36 %)    	30,400 	848,635,000 	1,787,100 	49,801,170,000 	117,981,005 	27.55% 
CTG,22/05/2023	-1,093,100 	-30,607,925,000 	27.95 (-0.18 %)    	293,600 	8,239,665,000 	1,386,700 	38,847,590,000 	116,224,305 	27.58% 
CTG,19/05/2023	-268,700 	-7,454,620,000 	28 (0.72 %)    	209,300 	5,840,830,000 	478,000 	13,295,450,000 	113,740,705 	27.63% 
CTG,18/05/2023	-2,159,100 	-59,915,025,000 	27.75 (0.91 %)    	644,100 	17,873,775,000 	2,803,200 	77,788,800,000 	114,503,333 	27.62% 
CTG,17/05/2023	-1,509,500 	-41,862,665,000 	27.5 (-1.79 %)    	214,200 	5,947,670,000 	1,723,700 	47,810,335,000 	112,344,233 	 
CTG,16/05/2023	-1,522,100 	-42,715,485,000 	27.95 (-0.53 %)    	104,600 	2,937,380,000 	1,626,700 	45,652,865,000 	110,834,733 	 
CTG,15/05/2023	-3,531,400 	-100,492,175,000 	28.1 (-1.06 %)    	21,000 	593,785,000 	3,552,400 	101,085,960,000 	109,312,633 	 
CTG,12/05/2023	-1,124,500 	-31,810,205,000 	28.4 (0.00 %)    	465,900 	13,189,835,000 	1,590,400 	45,000,040,000 	105,781,233 	27.80% 
CTG,11/05/2023	-158,400 	-4,481,730,000 	28.35 (0.18 %)    	573,900 	16,273,955,000 	732,300 	20,755,685,000 	102,188,233 	27.87% 
CTG,10/05/2023	-4,050,900 	-113,588,645,000 	28.25 (0.89 %)    	22,500 	631,805,000 	4,073,400 	114,220,450,000 	101,830,033 	 
CTG,09/05/2023	-1,977,000 	-55,534,695,000 	28 (0.36 %)    	243,200 	6,838,030,000 	2,220,200 	62,372,725,000 	97,779,133 	27.97% 
CTG,08/05/2023	-2,321,800 	-64,824,260,000 	27.9 (0.18 %)    	81,000 	2,262,225,000 	2,402,800 	67,086,485,000 	95,805,633 	28.01% 
CTG,05/05/2023	-2,101,100 	-58,853,110,000 	27.85 (-1.42 %)    	224,600 	6,297,155,000 	2,325,700 	65,150,265,000 	94,421,733 	28.04% 
CTG,04/05/2023	-1,083,400 	-30,718,090,000 	28.25 (-2.08 %)    	381,500 	10,828,195,000 	1,464,900 	41,546,285,000 	94,127,633 	 
CTG,28/04/2023	-46,200 	-1,323,375,000 	28.85 (1.76 %)    	532,100 	15,288,125,000 	578,300 	16,611,500,000 	93,529,033 	 
CTG,27/04/2023	289,500 	8,249,330,000 	28.35 (-0.18 %)    	611,400 	17,419,075,000 	321,900 	9,169,745,000 	93,482,833 	 
CTG,26/04/2023	-553,200 	-15,710,880,000 	28.4 (-0.35 %)    	297,600 	8,451,840,000 	850,800 	24,162,720,000 	93,772,333 	28.05% 
CTG,25/04/2023	-566,600 	-16,148,100,000 	28.5 (-1.38 %)    	81,400 	2,319,900,000 	648,000 	18,468,000,000 	93,557,033 	28.05% 
CTG,24/04/2023	-67,800 	-1,959,420,000 	28.9 (1.05 %)    	445,100 	12,863,390,000 	512,900 	14,822,810,000 	93,474,533 	28.05% 
CTG,21/04/2023	-202,800 	-5,800,080,000 	28.6 (-0.69 %)    	37,600 	1,075,360,000 	240,400 	6,875,440,000 	93,910,033 	28.05% 
CTG,20/04/2023	251,800 	7,218,930,000 	28.75 (0.17 %)    	261,400 	7,493,790,000 	9,600 	274,860,000 	93,095,680 	28.06% 
CTG,19/04/2023	-592,000 	-16,990,400,000 	28.7 (-1.37 %)    	36,400 	1,044,680,000 	628,400 	18,035,080,000 	93,347,480 	28.06% 
CTG,18/04/2023	-75,653 	-2,201,502,300 	29.1 (-0.34 %)    	157,500 	4,583,250,000 	233,153 	6,784,752,300 	93,164,180 	28.06% 
CTG,17/04/2023	89,400 	2,610,480,000 	29.2 (0.34 %)    	304,600 	8,894,320,000 	215,200 	6,283,840,000 	93,082,380 	28.06% 
CTG,14/04/2023	-184,600 	-5,371,860,000 	29.1 (-1.02 %)    	54,700 	1,591,770,000 	239,300 	6,963,630,000 	93,024,080 	28.06% 
CTG,13/04/2023	-338,199 	-9,943,050,600 	29.4 (-0.34 %)    	24,701 	726,209,400 	362,900 	10,669,260,000 	89,690,380 	28.13% 
CTG,12/04/2023	-3,372,376 	-99,485,092,000 	29.5 (-0.34 %)    	12,524 	369,458,000 	3,384,900 	99,854,550,000 	89,493,533 	28.14% 
CTG,11/04/2023	-58,132 	-1,720,707,200 	29.6 (0.68 %)    	156,916 	4,644,713,600 	215,048 	6,365,420,800 	89,454,557 	28.14% 
CTG,10/04/2023	202,100 	5,931,635,000 	29.35 (-0.51 %)    	253,100 	7,428,485,000 	51,000 	1,496,850,000 	89,326,073 	28.14% 
CTG,07/04/2023	-195,000 	-5,752,500,000 	29.5 (-0.34 %)    	90,400 	2,666,800,000 	285,400 	8,419,300,000 	89,510,276 	28.14% 
CTG,06/04/2023	-21,997 	-650,011,350 	29.55 (-1.50 %)    	46,900 	1,385,895,000 	68,897 	2,035,906,350 	89,505,776 	28.14% 
CTG,05/04/2023	1,041,700 	31,251,000,000 	30 (1.01 %)    	1,136,600 	34,098,000,000 	94,900 	2,847,000,000 	89,221,973 	28.14% 
CTG,04/04/2023	-197,303 	-5,850,033,950 	29.65 (-1.17 %)    	133,400 	3,955,310,000 	330,703 	9,805,343,950 	90,308,973 	28.12% 
CTG,03/04/2023	1,279,600 	38,324,020,000 	29.95 (2.57 %)    	1,329,200 	39,809,540,000 	49,600 	1,485,520,000 	90,294,073 	28.12% 
CTG,31/03/2023	788,700 	23,030,040,000 	29.2 (0.69 %)    	937,000 	27,360,400,000 	148,300 	4,330,360,000 	91,301,973 	28.10% 
CTG,30/03/2023	-174,600 	-5,063,400,000 	29 (0.00 %)    	146,700 	4,254,300,000 	321,300 	9,317,700,000 	91,920,473 	28.09% 
CTG,29/03/2023	315,300 	9,143,700,000 	29 (0.35 %)    	633,800 	18,380,200,000 	318,500 	9,236,500,000 	91,976,198 	28.09% 
CTG,28/03/2023	441,125 	12,748,512,500 	28.9 (0.35 %)    	532,100 	15,377,690,000 	90,975 	2,629,177,500 	90,635,054 	28.11% 
CTG,27/03/2023	352,400 	10,131,500,000 	28.75 (0.88 %)    	513,000 	14,748,750,000 	160,600 	4,617,250,000 	91,076,179 	 
CTG,24/03/2023	-830,500 	-23,616,540,000 	28.5 (-0.70 %)    	435,100 	12,465,730,000 	1,265,600 	36,082,270,000 	91,428,579 	 
CTG,23/03/2023	159,900 	4,571,415,000 	28.7 (0.70 %)    	906,000 	25,816,455,000 	746,100 	21,245,040,000 	90,598,079 	 
CTG,22/03/2023	37,800 	1,080,315,000 	28.5 (0.71 %)    	162,800 	4,639,165,000 	125,000 	3,558,850,000 	90,757,979 	 
CTG,21/03/2023	-140,900 	-16,899,150,000 	28.3 (1.07 %)    	165,800 	11,791,550,000 	306,700 	28,690,700,000 	90,795,779 	28.11% 
CTG,20/03/2023	-336,500 	-9,422,000,000 	28 (-3.45 %)    	59,700 	1,671,600,000 	396,200 	11,093,600,000 	90,840,279 	28.11% 
CTG,17/03/2023	515,700 	14,955,300,000 	29 (0.00 %)    	637,000 	18,473,000,000 	121,300 	3,517,700,000 	90,423,479 	28.12% 
CTG,16/03/2023	-285,600 	-8,268,120,000 	28.95 (-1.86 %)    	214,900 	6,221,355,000 	500,500 	14,489,475,000 	90,713,029 	28.11% 
CTG,15/03/2023	193,550 	5,709,725,000 	29.5 (1.72 %)    	541,000 	15,959,500,000 	347,450 	10,249,775,000 	90,134,047 	28.12% 
CTG,14/03/2023	-243,682 	-7,066,778,000 	29 (-1.02 %)    	550,200 	15,955,800,000 	793,882 	23,022,578,000 	90,674,747 	28.11% 
CTG,13/03/2023	954,400 	27,963,920,000 	29.3 (0.34 %)    	1,043,700 	30,580,410,000 	89,300 	2,616,490,000 	90,608,847 	 
CTG,10/03/2023	458,700 	13,394,040,000 	29.2 (-0.68 %)    	572,000 	16,702,400,000 	113,300 	3,308,360,000 	91,563,247 	28.09% 
CTG,09/03/2023	-285,200 	-8,384,880,000 	29.4 (0.00 %)    	655,700 	19,277,580,000 	940,900 	27,662,460,000 	91,746,947 	28.09% 
CTG,08/03/2023	729,500 	21,447,300,000 	29.4 (1.38 %)    	2,122,300 	62,395,620,000 	1,392,800 	40,948,320,000 	91,953,647 	28.09% 
CTG,07/03/2023	1,387,100 	40,225,900,000 	29 (2.11 %)    	1,466,100 	42,516,900,000 	79,000 	2,291,000,000 	92,603,847 	28.07% 
CTG,06/03/2023	1,005,800 	28,514,430,000 	28.35 (1.98 %)    	1,477,900 	41,898,465,000 	472,100 	13,384,035,000 	93,266,747 	28.06% 
CTG,03/03/2023	-662,400 	-18,414,720,000 	27.8 (0.00 %)    	140,800 	3,914,240,000 	803,200 	22,328,960,000 	94,115,247 	28.04% 
CTG,02/03/2023	-79,890 	-2,220,942,000 	27.8 (-1.77 %)    	560,510 	15,582,178,000 	640,400 	17,803,120,000 	93,365,947 	28.06% 
CTG,01/03/2023	-590,400 	-16,678,800,000 	28.25 (3.10 %)    	324,700 	9,172,775,000 	915,100 	25,851,575,000 	93,500,457 	28.05% 
CTG,28/02/2023	16,240 	444,976,000 	27.4 (-0.72 %)    	468,240 	12,829,776,000 	452,000 	12,384,800,000 	93,666,857 	28.05% 
CTG,27/02/2023	-111,400 	-3,069,070,000 	27.55 (-2.65 %)    	46,900 	1,292,095,000 	158,300 	4,361,165,000 	93,192,497 	28.06% 
CTG,24/02/2023	-598,200 	-16,899,150,000 	28.25 (-2.59 %)    	417,400 	11,791,550,000 	1,015,600 	28,690,700,000 	91,938,997 	28.09% 
CTG,23/02/2023	-869,388 	-25,212,252,000 	29 (0.35 %)    	72,412 	2,099,948,000 	941,800 	27,312,200,000 	91,340,797 	28.10% 
CTG,22/02/2023	-1,304,300 	-37,694,270,000 	28.9 (-3.34 %)    	163,900 	4,736,710,000 	1,468,200 	42,430,980,000 	90,622,509 	28.11% 
CTG,21/02/2023	1,300 	38,805,000 	29.85 (-2.13 %)    	792,000 	23,641,200,000 	790,700 	23,602,395,000 	90,564,909 	28.12% 
CTG,20/02/2023	459,900 	14,003,955,000 	30.45 (2.53 %)    	713,900 	21,738,255,000 	254,000 	7,734,300,000 	90,486,809 	28.12% 
CTG,17/02/2023	-573,000 	-16,989,450,000 	29.65 (-0.17 %)    	597,100 	17,704,015,000 	1,170,100 	34,693,465,000 	91,031,199 	28.11% 
CTG,16/02/2023	613,050 	18,207,585,000 	29.7 (2.77 %)    	782,560 	23,242,032,000 	169,510 	5,034,447,000 	91,060,469 	28.11% 
CTG,15/02/2023	-79,230 	-2,289,747,000 	28.9 (0.70 %)    	188,600 	5,450,540,000 	267,830 	7,740,287,000 	91,239,229 	28.10% 
CTG,14/02/2023	-192,390 	-5,521,593,000 	28.7 (-1.71 %)    	411,410 	11,807,467,000 	603,800 	17,329,060,000 	90,964,729 	28.11% 
CTG,13/02/2023	-185,200 	-5,398,580,000 	29.15 (0.17 %)    	206,900 	6,031,135,000 	392,100 	11,429,715,000 	91,172,623 	28.10% 
CTG,10/02/2023	433,312 	12,609,379,200 	29.1 (-1.02 %)    	636,828 	18,531,694,800 	203,516 	5,922,315,600 	90,296,623 	28.12% 
CTG,09/02/2023	-328,700 	-9,663,780,000 	29.4 (-1.67 %)    	754,200 	22,173,480,000 	1,082,900 	31,837,260,000 	90,674,351 	28.11% 
CTG,08/02/2023	545,312 	16,304,828,800 	29.9 (2.40 %)    	804,412 	24,051,918,800 	259,100 	7,747,090,000 	91,163,051 	28.10% 
CTG,07/02/2023	1,170,100 	34,166,920,000 	29.2 (-2.34 %)    	1,435,600 	41,919,520,000 	265,500 	7,752,600,000 	91,860,363 	28.09% 
CTG,06/02/2023	751,400 	22,466,860,000 	29.9 (2.75 %)    	858,500 	25,669,150,000 	107,100 	3,202,290,000 	93,196,563 	28.06% 
CTG,03/02/2023	897,210 	26,063,950,500 	29.05 (-0.51 %)    	996,610 	28,951,520,500 	99,400 	2,887,570,000 	93,950,163 	28.05% 
CTG,02/02/2023	339,225 	9,905,370,000 	29.2 (0.69 %)    	644,125 	18,808,450,000 	304,900 	8,903,080,000 	93,626,273 	28.05% 
CTG,01/02/2023	-1,060,300 	-30,748,700,000 	29 (-4.92 %)    	260,200 	7,545,800,000 	1,320,500 	38,294,500,000 	93,321,202 	28.06% 
CTG,31/01/2023	-257,496 	-7,853,628,000 	30.5 (2.35 %)    	491,700 	14,996,850,000 	749,196 	22,850,478,000 	93,305,502 	28.06% 
CTG,30/01/2023	-27,800 	-827,050,000 	29.75 (-2.14 %)    	248,100 	7,380,975,000 	275,900 	8,208,025,000 	92,120,702 	28.08% 
CTG,27/01/2023	-1,199,000 	-36,389,650,000 	30.35 (-2.41 %)    	448,000 	13,596,800,000 	1,647,000 	49,986,450,000 	92,006,602 	28.09% 
CTG,19/01/2023	2,310,300 	71,850,330,000 	31.1 (0.97 %)    	2,672,500 	83,114,750,000 	362,200 	11,264,420,000 	92,304,102 	28.08% 
CTG,18/01/2023	1,424,100 	43,791,075,000 	30.75 (0.49 %)    	1,574,600 	48,418,950,000 	150,500 	4,627,875,000 	94,693,102 	28.03% 
CTG,17/01/2023	877,200 	26,842,320,000 	30.6 (2.00 %)    	1,134,700 	34,721,820,000 	257,500 	7,879,500,000 	96,061,602 	28.00% 
CTG,16/01/2023	588,800 	17,664,000,000 	30 (3.09 %)    	716,900 	21,507,000,000 	128,100 	3,843,000,000 	97,080,502 	27.98% 
CTG,13/01/2023	832,700 	24,231,570,000 	29.1 (0.69 %)    	909,500 	26,466,450,000 	76,800 	2,234,880,000 	97,642,782 	27.97% 
CTG,12/01/2023	505,080 	14,596,812,000 	28.9 (-0.69 %)    	607,700 	17,562,530,000 	102,620 	2,965,718,000 	98,501,003 	27.95% 
CTG,11/01/2023	1,638,321 	47,675,141,100 	29.1 (1.75 %)    	1,663,600 	48,410,760,000 	25,279 	735,618,900 	98,441,794 	27.95% 
CTG,10/01/2023	117,591 	3,357,223,050 	28.55 (-1.89 %)    	784,500 	22,397,475,000 	666,909 	19,040,251,950 	99,729,794 	27.92% 
CTG,09/01/2023	1,625,100 	47,290,410,000 	29.1 (1.75 %)    	1,974,700 	57,463,770,000 	349,600 	10,173,360,000 	99,800,094 	27.92% 
CTG,06/01/2023	807,600 	23,097,360,000 	28.6 (0.35 %)    	1,495,800 	42,779,880,000 	688,200 	19,682,520,000 	101,721,094 	27.88% 
CTG,05/01/2023	333,600 	9,507,600,000 	28.5 (0.00 %)    	371,300 	10,582,050,000 	37,700 	1,074,450,000 	103,082,694 	27.86% 
CTG,04/01/2023	580,400 	16,541,400,000 	28.5 (1.79 %)    	714,600 	20,366,100,000 	134,200 	3,824,700,000 	102,102,094 	27.88% 
CTG,03/01/2023	-386,500 	-10,822,000,000 	28 (2.56 %)    	949,400 	26,583,200,000 	1,335,900 	37,405,200,000 	102,587,594 	 
CTG,30/12/2022	786,900 	21,443,025,000 	27.25 (0.93 %)    	868,900 	23,677,525,000 	82,000 	2,234,500,000 	103,536,994 	27.85% 
CTG,29/12/2022	809,500 	21,856,500,000 	27 (-0.74 %)    	930,600 	25,126,200,000 	121,100 	3,269,700,000 	104,319,290 	27.83% 
CTG,28/12/2022	452,896 	12,296,126,400 	27.15 (2.07 %)    	523,000 	14,199,450,000 	70,104 	1,903,323,600 	101,597,394 	27.89% 
CTG,27/12/2022	610,335 	16,234,911,000 	26.6 (1.92 %)    	1,437,000 	38,224,200,000 	826,665 	21,989,289,000 	102,050,290 	 
CTG,26/12/2022	165,889 	4,321,408,450 	26.05 (-5.96 %)    	1,011,800 	26,357,390,000 	845,911 	22,035,981,550 	102,660,625 	 
CTG,23/12/2022	872,100 	24,113,565,000 	27.65 (0.18 %)    	1,601,300 	44,275,945,000 	729,200 	20,162,380,000 	102,826,514 	27.86% 
CTG,22/12/2022	874,500 	24,136,200,000 	27.6 (0.36 %)    	1,064,900 	29,391,240,000 	190,400 	5,255,040,000 	103,698,614 	27.84% 
CTG,21/12/2022	-62,600 	-1,721,500,000 	27.5 (-1.79 %)    	906,200 	24,920,500,000 	968,800 	26,642,000,000 	104,573,114 	27.82% 
CTG,20/12/2022	2,580,519 	72,254,532,000 	28 (1.45 %)    	3,095,600 	86,676,800,000 	515,081 	14,422,268,000 	104,510,514 	27.83% 
CTG,19/12/2022	-113,890 	-3,137,669,500 	27.55 (-1.96 %)    	834,610 	22,993,505,500 	948,500 	26,131,175,000 	107,091,033 	27.77% 
CTG,16/12/2022	1,269,400 	35,606,670,000 	28.05 (-0.88 %)    	1,363,500 	38,246,175,000 	94,100 	2,639,505,000 	106,977,143 	 
CTG,15/12/2022	1,401,965 	39,605,511,250 	28.25 (1.25 %)    	1,545,165 	43,650,911,250 	143,200 	4,045,400,000 	108,246,543 	 
CTG,14/12/2022	301,500 	8,411,850,000 	27.9 (-1.06 %)    	466,700 	13,020,930,000 	165,200 	4,609,080,000 	109,648,508 	27.72% 
CTG,13/12/2022	1,124,200 	31,646,230,000 	28.15 (2.36 %)    	1,571,700 	44,243,355,000 	447,500 	12,597,125,000 	109,950,008 	27.71% 
CTG,12/12/2022	914,614 	25,106,154,300 	27.45 (-2.31 %)    	1,397,700 	38,366,865,000 	483,086 	13,260,710,700 	111,074,208 	27.69% 
CTG,09/12/2022	1,812,218 	50,832,714,900 	28.05 (0.90 %)    	2,122,100 	59,524,905,000 	309,882 	8,692,190,100 	115,086,240 	27.61% 
CTG,08/12/2022	305,200 	8,484,560,000 	27.8 (1.46 %)    	529,600 	14,722,880,000 	224,400 	6,238,320,000 	117,070,040 	27.56% 
CTG,07/12/2022	1,252,900 	34,266,815,000 	27.35 (1.30 %)    	1,342,700 	36,722,845,000 	89,800 	2,456,030,000 	114,106,240 	 
CTG,06/12/2022	1,455,200 	39,290,400,000 	27 (-5.59 %)    	2,303,600 	62,197,200,000 	848,400 	22,906,800,000 	115,359,140 	27.60% 
CTG,05/12/2022	1,512,493 	43,257,299,800 	28.6 (2.14 %)    	2,305,030 	65,923,858,000 	792,537 	22,666,558,200 	116,814,340 	27.57% 
CTG,02/12/2022	4,449,069 	124,351,478,550 	27.95 (6.68 %)    	4,507,500 	125,984,625,000 	58,431 	1,633,146,450 	118,326,833 	27.54% 
CTG,01/12/2022	-1,421,800 	-37,180,070,000 	26.15 (-4.21 %)    	770,600 	20,151,190,000 	2,192,400 	57,331,260,000 	122,775,902 	 
CTG,30/11/2022	1,325,500 	36,119,875,000 	27.25 (-0.55 %)    	1,808,800 	49,289,800,000 	483,300 	13,169,925,000 	123,823,007 	27.42% 
CTG,29/11/2022	3,201,200 	87,712,880,000 	27.4 (0.37 %)    	3,906,500 	107,038,100,000 	705,300 	19,325,220,000 	125,148,507 	27.40% 
CTG,28/11/2022	5,547,804 	151,455,049,200 	27.3 (5.81 %)    	6,012,900 	164,152,170,000 	465,096 	12,697,120,800 	128,349,707 	27.33% 
CTG,25/11/2022	5,089,195 	131,301,231,000 	25.8 (4.88 %)    	5,361,900 	138,337,020,000 	272,705 	7,035,789,000 	133,897,511 	27.21% 
CTG,24/11/2022	127,762 	3,142,945,200 	24.6 (0.82 %)    	717,252 	17,644,399,200 	589,490 	14,501,454,000 	138,334,911 	27.12% 
CTG,23/11/2022	253,150 	6,176,860,000 	24.4 (2.09 %)    	1,079,150 	26,331,260,000 	826,000 	20,154,400,000 	137,173,251 	27.15% 
CTG,22/11/2022	-598,209 	-14,297,195,100 	23.9 (-0.83 %)    	1,204,203 	28,780,451,700 	1,802,412 	43,077,646,800 	137,039,151 	27.15% 
CTG,21/11/2022	-129,350 	-3,117,335,000 	24.1 (-2.43 %)    	1,040,400 	25,073,640,000 	1,169,750 	28,190,975,000 	132,726,906 	27.24% 
CTG,18/11/2022	-3,099,348 	-76,553,895,600 	24.7 (-1.20 %)    	2,395,100 	59,158,970,000 	5,494,448 	135,712,865,600 	132,956,801 	27.23% 
CTG,17/11/2022	5,070,195 	126,754,875,000 	25 (0.81 %)    	5,840,400 	146,010,000,000 	770,205 	19,255,125,000 	135,075,565 	27.19% 
CTG,16/11/2022	3,866,012 	95,877,097,600 	24.8 (5.98 %)    	4,082,348 	101,242,230,400 	216,336 	5,365,132,800 	140,024,765 	27.09% 
CTG,15/11/2022	2,353,900 	55,081,260,000 	23.4 (-2.09 %)    	4,625,100 	108,227,340,000 	2,271,200 	53,146,080,000 	143,942,231 	27.00% 
CTG,14/11/2022	3,314,418 	79,214,590,200 	23.9 (1.27 %)    	3,422,100 	81,788,190,000 	107,682 	2,573,599,800 	146,691,231 	26.95% 
CTG,11/11/2022	4,718,600 	111,358,960,000 	23.6 (3.51 %)    	5,041,900 	118,988,840,000 	323,300 	7,629,880,000 	147,842,731 	26.92% 
CTG,10/11/2022	-1,237,900 	-28,162,225,000 	22.75 (-7.14 %)    	906,200 	20,616,050,000 	2,144,100 	48,778,275,000 	151,393,621 	26.85% 
CTG,09/11/2022	913,590 	22,337,275,500 	24.45 (2.30 %)    	2,302,300 	56,291,235,000 	1,388,710 	33,953,959,500 	149,351,821 	26.89% 
CTG,08/11/2022	-2,318,300 	-55,291,455,000 	23.85 (1.92 %)    	597,200 	14,243,220,000 	2,915,500 	69,534,675,000 	150,975,692 	26.86% 
CTG,07/11/2022	1,045,371 	24,409,412,850 	23.35 (-4.69 %)    	1,697,800 	39,643,630,000 	652,429 	15,234,217,150 	149,390,092 	26.89% 
CTG,04/11/2022	1,012,700 	24,811,150,000 	24.5 (3.81 %)    	3,130,500 	76,697,250,000 	2,117,800 	51,886,100,000 	149,094,392 	26.90% 
CTG,03/11/2022	-747,300 	-17,636,280,000 	23.6 (-1.67 %)    	1,210,200 	28,560,720,000 	1,957,500 	46,197,000,000 	152,038,392 	26.84% 
CTG,02/11/2022	-49,600 	-1,190,400,000 	24 (-2.04 %)    	124,900 	2,997,600,000 	174,500 	4,188,000,000 	152,341,782 	26.83% 
CTG,01/11/2022	-558,310 	-13,650,679,500 	24.45 (-0.61 %)    	336,500 	8,227,425,000 	894,810 	21,878,104,500 	151,361,642 	26.85% 
CTG,31/10/2022	-192,740 	-4,741,404,000 	24.6 (2.07 %)    	887,300 	21,827,580,000 	1,080,040 	26,568,984,000 	150,827,794 	26.86% 
CTG,28/10/2022	-786,048 	-18,904,454,400 	24.05 (0.21 %)    	127,300 	3,061,565,000 	913,348 	21,966,019,400 	151,636,194 	26.84% 
CTG,27/10/2022	101,200 	2,352,550,000 	23.95 (6.92 %)    	180,100 	4,173,030,000 	78,900 	1,820,480,000 	150,127,994 	26.88% 
CTG,26/10/2022	-1,577,100 	-35,563,870,000 	22.4 (-0.44 %)    	46,400 	1,048,460,000 	1,623,500 	36,612,330,000 	148,924,403 	26.90% 
CTG,25/10/2022	-316,300 	-7,337,490,000 	22.45 (6.90 %)    	977,100 	21,384,970,000 	1,293,400 	28,722,460,000 	147,640,813 	26.93% 
CTG,24/10/2022	-157,300 	-3,425,395,000 	21 (-3.23 %)    	364,400 	7,788,520,000 	521,700 	11,213,915,000 	147,324,513 	26.93% 
CTG,21/10/2022	-1,412,300 	-31,226,485,000 	21.65 (-7.08 %)    	1,059,000 	23,175,675,000 	2,471,300 	54,402,160,000 	149,524,009 	26.89% 
CTG,20/10/2022	1,173,200 	27,378,340,000 	23.25 (0.22 %)    	1,377,400 	32,071,165,000 	204,200 	4,692,825,000 	148,058,083 	26.92% 
CTG,19/10/2022	462,800 	10,652,160,000 	23.2 (0.87 %)    	555,300 	12,765,275,000 	92,500 	2,113,115,000 	149,186,413 	26.90% 
CTG,18/10/2022	1,416,574 	32,581,202,000 	23 (1.77 %)    	1,637,900 	37,671,700,000 	221,326 	5,090,498,000 	149,649,213 	26.89% 
CTG,17/10/2022	761,240 	17,165,962,000 	22.55 (-0.66 %)    	888,610 	20,038,155,500 	127,370 	2,872,193,500 	150,830,613 	26.86% 
CTG,14/10/2022	1,166,700 	26,484,090,000 	22.7 (1.34 %)    	1,623,200 	36,846,640,000 	456,500 	10,362,550,000 	151,340,147 	26.85% 
CTG,13/10/2022	2,072,224 	46,417,817,600 	22.4 (5.66 %)    	2,441,300 	54,685,120,000 	369,076 	8,267,302,400 	152,526,547 	26.83% 
CTG,12/10/2022	1,312,400 	27,757,260,000 	21.15 (6.82 %)    	1,749,200 	36,995,580,000 	436,800 	9,238,320,000 	154,445,455 	26.79% 
CTG,11/10/2022	823,908 	16,313,378,400 	19.8 (-4.35 %)    	1,336,300 	26,458,740,000 	512,392 	10,145,361,600 	156,063,110 	26.75% 
CTG,10/10/2022	1,372,855 	28,418,098,500 	20.7 (3.50 %)    	1,504,400 	31,141,080,000 	131,545 	2,722,981,500 	155,236,810 	26.77% 
CTG,07/10/2022	-825,700 	-16,472,715,000 	19.95 (-6.78 %)    	1,326,900 	26,471,655,000 	2,152,600 	42,944,370,000 	156,195,410 	26.75% 
CTG,06/10/2022	1,631,300 	34,909,820,000 	21.4 (-2.73 %)    	2,127,600 	45,530,640,000 	496,300 	10,620,820,000 	157,406,310 	26.72% 
CTG,05/10/2022	2,425,300 	53,356,600,000 	22 (5.77 %)    	2,507,300 	55,160,600,000 	82,000 	1,804,000,000 	157,282,770 	26.73% 
CTG,04/10/2022	-1,649,140 	-34,219,655,000 	20.75 (-3.94 %)    	570,000 	11,827,500,000 	2,219,140 	46,047,155,000 	157,548,981 	26.72% 
CTG,03/10/2022	-1,938,789 	-41,877,842,400 	21.6 (-6.90 %)    	226,300 	4,888,080,000 	2,165,089 	46,765,922,400 	156,598,981 	26.74% 
CTG,30/09/2022	-882,900 	-20,483,280,000 	23.2 (2.65 %)    	609,100 	14,131,120,000 	1,492,000 	34,614,400,000 	155,749,521 	26.76% 
CTG,29/09/2022	-672,760 	-15,204,376,000 	22.6 (-3.00 %)    	225,600 	5,098,560,000 	898,360 	20,302,936,000 	156,178,821 	26.75% 
CTG,28/09/2022	5,700 	132,810,000 	23.3 (-0.85 %)    	142,300 	3,315,590,000 	136,600 	3,182,780,000 	155,421,215 	26.77% 
CTG,27/09/2022	-722,606 	-16,945,110,700 	23.45 (-0.21 %)    	260,600 	6,111,070,000 	983,206 	23,056,180,700 	152,566,015 	26.83% 
CTG,26/09/2022	-2,640,290 	-62,046,815,000 	23.5 (-6.00 %)    	352,210 	8,276,935,000 	2,992,500 	70,323,750,000 	152,149,715 	26.83% 
CTG,23/09/2022	-659,870 	-16,496,750,000 	25 (-1.57 %)    	13,530 	338,250,000 	673,400 	16,835,000,000 	151,294,725 	26.85% 
CTG,22/09/2022	-1,069,890 	-27,175,206,000 	25.4 (-0.78 %)    	137,310 	3,487,674,000 	1,207,200 	30,662,880,000 	151,105,647 	26.86% 
CTG,21/09/2022	-185,808 	-4,747,394,400 	25.55 (-1.73 %)    	16,800 	429,240,000 	202,608 	5,176,634,400 	151,211,125 	26.85% 
CTG,20/09/2022	1,030,768 	26,799,968,000 	26 (1.96 %)    	1,062,600 	27,627,600,000 	31,832 	827,632,000 	151,156,925 	26.85% 
CTG,19/09/2022	22,342 	569,721,000 	25.5 (-2.67 %)    	93,342 	2,380,221,000 	71,000 	1,810,500,000 	151,977,094 	26.84% 
CTG,16/09/2022	-171,326 	-4,488,741,200 	26.2 (-2.60 %)    	8,400 	220,080,000 	179,726 	4,708,821,200 	151,999,436 	26.84% 
CTG,15/09/2022	65,516 	-1,638,900,000 	26.9 (-0.37 %)    	189,221 	529,200,000 	123,705 	2,168,100,000 	 	26.84% 
CTG,14/09/2022	-60,700 	7,352,910,750 	27 (-1.82 %)    	19,600 	7,628,598,750 	80,300 	275,688,000 	152,096,517 	26.84% 
CTG,13/09/2022	1,127,885 	7,352,910,750 	27.5 (1.48 %)    	1,148,125 	7,628,598,750 	20,240 	275,688,000 	152,068,567 	26.84% 
CTG,12/09/2022	279,122 	-6,266,790,000 	27.05 (0.56 %)    	316,672 	1,530,450,000 	37,550 	7,797,240,000 	152,926,292 	26.82% 
CTG,09/09/2022	-233,400 	-6,266,790,000 	26.85 (-0.19 %)    	57,000 	1,530,450,000 	290,400 	7,797,240,000 	152,492,764 	26.83% 
CTG,08/09/2022	-687,800 	-18,467,430,000 	26.85 (-2.01 %)    	62,400 	1,675,440,000 	750,200 	20,142,870,000 	151,993,464 	26.84% 
CTG,07/09/2022	-374,400 	-10,239,840,000 	27.35 (-3.36 %)    	168,400 	4,605,740,000 	542,800 	14,845,580,000 	151,513,164 	26.85% 
CTG,06/09/2022	-69,100 	-1,952,075,000 	28.25 (0.89 %)    	473,600 	13,379,200,000 	542,700 	15,331,275,000 	151,610,364 	26.85% 
CTG,05/09/2022	-48,700 	-1,361,165,000 	27.95 (-1.24 %)    	22,500 	628,875,000 	71,200 	1,990,040,000 	152,012,464 	26.84% 
CTG,31/08/2022	149,600 	4,226,200,000 	28.25 (-0.53 %)    	233,100 	6,585,075,000 	83,500 	2,358,875,000 	151,972,964 	26.84% 
CTG,30/08/2022	1,229,800 	34,926,320,000 	28.4 (1.79 %)    	1,291,800 	36,687,120,000 	62,000 	1,760,800,000 	151,991,264 	26.84% 
CTG,29/08/2022	-72,200 	-2,014,380,000 	27.9 (-2.11 %)    	142,600 	3,978,540,000 	214,800 	5,992,920,000 	153,230,364 	26.81% 
CTG,26/08/2022	503,800 	14,333,110,000 	28.45 (-0.87 %)    	546,500 	15,547,925,000 	42,700 	1,214,815,000 	153,145,564 	26.81% 
CTG,25/08/2022	1,125,900 	32,313,330,000 	28.7 (1.77 %)    	1,353,300 	38,839,710,000 	227,400 	6,526,380,000 	152,567,164 	26.83% 
CTG,24/08/2022	-1,077,800 	-30,393,960,000 	28.2 (0.71 %)    	39,100 	1,102,620,000 	1,116,900 	31,496,580,000 	152,289,064 	26.83% 
CTG,23/08/2022	-1,543,700 	-43,223,600,000 	28 (0.00 %)    	87,700 	2,455,600,000 	1,631,400 	45,679,200,000 	151,368,864 	26.85% 
CTG,22/08/2022	-837,100 	-23,438,800,000 	28 (-1.06 %)    	122,200 	3,421,600,000 	959,300 	26,860,400,000 	149,920,464 	26.88% 
CTG,19/08/2022	-884,000 	-24,973,000,000 	28.25 (-1.91 %)    	690,100 	19,495,325,000 	1,574,100 	44,468,325,000 	149,744,664 	26.88% 
CTG,18/08/2022	-22,900 	-658,375,000 	28.75 (-1.20 %)    	275,100 	7,909,125,000 	298,000 	8,567,500,000 	150,294,064 	26.87% 
CTG,17/08/2022	831,800 	24,205,380,000 	29.1 (-0.34 %)    	972,500 	28,299,750,000 	140,700 	4,094,370,000 	150,378,964 	26.87% 
CTG,16/08/2022	319,100 	9,317,720,000 	29.2 (-1.02 %)    	475,800 	13,893,360,000 	156,700 	4,575,640,000 	151,362,208 	26.85% 
CTG,15/08/2022	1,734,400 	51,078,080,000 	29.45 (2.61 %)    	1,742,000 	51,301,900,000 	7,600 	223,820,000 	151,823,708 	26.84% 
CTG,12/08/2022	107,900 	3,091,335,000 	28.65 (0.53 %)    	122,200 	3,501,030,000 	14,300 	409,695,000 	153,241,708 	26.81% 
CTG,11/08/2022	1,216,100 	34,658,850,000 	28.5 (0.00 %)    	1,540,100 	43,892,850,000 	324,000 	9,234,000,000 	153,298,408 	26.81% 
CTG,10/08/2022	243,900 	6,938,955,000 	28.45 (-1.22 %)    	309,400 	8,802,430,000 	65,500 	1,863,475,000 	154,797,208 	26.78% 
CTG,09/08/2022	363,600 	10,471,680,000 	28.8 (-0.69 %)    	404,900 	11,661,120,000 	41,300 	1,189,440,000 	155,091,108 	26.77% 
CTG,08/08/2022	395,300 	11,463,700,000 	29 (0.00 %)    	408,400 	11,843,600,000 	13,100 	379,900,000 	155,446,508 	26.77% 
CTG,05/08/2022	107,300 	3,111,700,000 	29 (0.35 %)    	150,800 	4,373,200,000 	43,500 	1,261,500,000 	155,824,308 	26.76% 
CTG,04/08/2022	1,594,900 	46,012,865,000 	28.85 (-0.86 %)    	1,655,500 	47,761,175,000 	60,600 	1,748,310,000 	155,963,608 	26.75% 
CTG,03/08/2022	1,947,100 	56,660,610,000 	29.1 (1.75 %)    	1,958,600 	56,995,260,000 	11,500 	334,650,000 	157,550,908 	26.72% 
CTG,02/08/2022	1,548,500 	44,287,100,000 	28.6 (-0.35 %)    	1,616,700 	46,237,620,000 	68,200 	1,950,520,000 	159,440,508 	26.68% 
CTG,01/08/2022	2,311,500 	66,340,050,000 	28.7 (5.51 %)    	2,380,500 	68,320,350,000 	69,000 	1,980,300,000 	160,842,708 	26.65% 
CTG,26/08/2022	503,800 	14,333,110,000 	28.45 (-0.87 %)    	546,500 	15,547,925,000 	42,700 	1,214,815,000 	153,145,564 	26.81% 
CTG,25/08/2022	1,125,900 	32,313,330,000 	28.7 (1.77 %)    	1,353,300 	38,839,710,000 	227,400 	6,526,380,000 	152,567,164 	26.83% 
CTG,24/08/2022	-1,077,800 	-30,393,960,000 	28.2 (0.71 %)    	39,100 	1,102,620,000 	1,116,900 	31,496,580,000 	152,289,064 	26.83% 
CTG,23/08/2022	-1,543,700 	-43,223,600,000 	28 (0.00 %)    	87,700 	2,455,600,000 	1,631,400 	45,679,200,000 	151,368,864 	26.85% 
CTG,22/08/2022	-837,100 	-23,438,800,000 	28 (-1.06 %)    	122,200 	3,421,600,000 	959,300 	26,860,400,000 	149,920,464 	26.88% 
CTG,19/08/2022	-884,000 	-24,973,000,000 	28.25 (-1.91 %)    	690,100 	19,495,325,000 	1,574,100 	44,468,325,000 	149,744,664 	26.88% 
CTG,18/08/2022	-22,900 	-658,375,000 	28.75 (-1.20 %)    	275,100 	7,909,125,000 	298,000 	8,567,500,000 	150,294,064 	26.87% 
CTG,17/08/2022	831,800 	24,205,380,000 	29.1 (-0.34 %)    	972,500 	28,299,750,000 	140,700 	4,094,370,000 	150,378,964 	26.87% 
CTG,16/08/2022	319,100 	9,317,720,000 	29.2 (-1.02 %)    	475,800 	13,893,360,000 	156,700 	4,575,640,000 	151,362,208 	26.85% 
CTG,15/08/2022	1,734,400 	51,078,080,000 	29.45 (2.61 %)    	1,742,000 	51,301,900,000 	7,600 	223,820,000 	151,823,708 	26.84% 
CTG,12/08/2022	107,900 	3,091,335,000 	28.65 (0.53 %)    	122,200 	3,501,030,000 	14,300 	409,695,000 	153,241,708 	26.81% 
CTG,11/08/2022	1,216,100 	34,658,850,000 	28.5 (0.00 %)    	1,540,100 	43,892,850,000 	324,000 	9,234,000,000 	153,298,408 	26.81% 
CTG,10/08/2022	243,900 	6,938,955,000 	28.45 (-1.22 %)    	309,400 	8,802,430,000 	65,500 	1,863,475,000 	154,797,208 	26.78% 
CTG,09/08/2022	363,600 	10,471,680,000 	28.8 (-0.69 %)    	404,900 	11,661,120,000 	41,300 	1,189,440,000 	155,091,108 	26.77% 
CTG,08/08/2022	395,300 	11,463,700,000 	29 (0.00 %)    	408,400 	11,843,600,000 	13,100 	379,900,000 	155,446,508 	26.77% 
CTG,05/08/2022	107,300 	3,111,700,000 	29 (0.35 %)    	150,800 	4,373,200,000 	43,500 	1,261,500,000 	155,824,308 	26.76% 
CTG,04/08/2022	1,594,900 	46,012,865,000 	28.85 (-0.86 %)    	1,655,500 	47,761,175,000 	60,600 	1,748,310,000 	155,963,608 	26.75% 
CTG,03/08/2022	1,947,100 	56,660,610,000 	29.1 (1.75 %)    	1,958,600 	56,995,260,000 	11,500 	334,650,000 	157,550,908 	26.72% 
